% # columns="iteration, evaluation, min max(neg(.)) min(pos(.)) max correlation, correlation matrix principle axes lengths  (sorted square roots of eigenvalues of correlation matrix)", seed=136099, Fri Jul 29 16:46:10 2022
1 12 -0.04287475581512829 -6.438902536091138e-05 0.0005086878967260153 0.03645788786465907 1 1 1 1 1 1 1 1 1 1 1 1 1 1 1
2 24 -0.04471514215525303 -0.0006739415860150844 0.0007061267260081916 0.05434194086699877 1 1 1 1 1 1 1 1 1 1 1 1 1 1 1
3 36 -0.06285798806703342 -0.0001045230836622762 0.0012162452774243475 0.0645264052352611 1 1 1 1 1 1 1 1 1 1 1 1 1 1 1
4 48 -0.08699445254056187 -0.0001698335820424734 0.001101810784761535 0.0876368544381559 1 1 1 1 1 1 1 1 1 1 1 1 1 1 1
5 60 -0.11852128995069885 -4.372625358472164e-05 0.00010849429678129044 0.09620805510934052 1 1 1 1 1 1 1 1 1 1 1 1 1 1 1
6 72 -0.13395300848460984 -0.0023179877375185576 0.0008980506405517782 0.10618413961527297 1 1 1 1 1 1 1 1 1 1 1 1 1 1 1
7 84 -0.1685994745984483 -0.001395559339671637 0.0010715703756210987 0.115478202442201 1 1 1 1 1 1 1 1 1 1 1 1 1 1 1
8 96 -0.1617494193429904 -5.954885156859772e-05 0.0006841470632184251 0.11579593464697792 1 1 1 1 1 1 1 1 1 1 1 1 1 1 1
9 108 -0.1663666634740249 -0.003665985672872417 8.004669430157581e-06 0.12325887197130576 1 1 1 1 1 1 1 1 1 1 1 1 1 1 1
10 120 -0.17262077957141042 -0.0040719711054294306 0.002583770790677947 0.13857934735165695 1 1 1 1 1 1 1 1 1 1 1 1 1 1 1
11 132 -0.19481220839593028 -0.0004370526933592268 0.004007620407318825 0.13835772378841857 1 1 1 1 1 1 1 1 1 1 1 1 1 1 1
12 144 -0.20698706253355886 -0.003520485118429801 0.0010609464264987984 0.15077460769271334 1 1 1 1 1 1 1 1 1 1 1 1 1 1 1
13 156 -0.2126473658859242 -0.0008083234016801698 0.0012113513910414818 0.15694115455073188 1 1 1 1 1 1 1 1 1 1 1 1 1 1 1
14 168 -0.20631878712433466 -0.0004120155303301211 0.002717884598718358 0.1527502009123011 1 1 1 1 1 1 1 1 1 1 1 1 1 1 1
15 180 -0.19457703598820628 -0.008732829299992388 0.0005638905633665803 0.15676904130100103 1 1 1 1 1 1 1 1 1 1 1 1 1 1 1
16 192 -0.20517398647954843 -0.005574438398573807 4.784309818516221e-05 0.18863216327595753 1 1 1 1 1 1 1 1 1 1 1 1 1 1 1
17 204 -0.24986435257105502 -0.002387965146733161 0.0047929744260888675 0.19785279528690816 1 1 1 1 1 1 1 1 1 1 1 1 1 1 1
18 216 -0.26465766814674235 -0.007020612163056564 0.0017324329153285177 0.19546887557257422 1 1 1 1 1 1 1 1 1 1 1 1 1 1 1
19 228 -0.26892487396572984 -0.0018281919347805753 0.0003734421273420338 0.1931331991834564 1 1 1 1 1 1 1 1 1 1 1 1 1 1 1
20 240 -0.2728924527276564 -0.0011176655594611784 0.003791560891237378 0.19716460082767295 1 1 1 1 1 1 1 1 1 1 1 1 1 1 1
21 252 -0.28866907304105954 -0.00030563705457324066 0.002337381216340383 0.1992133887459034 1 1 1 1 1 1 1 1 1 1 1 1 1 1 1
22 264 -0.27299593369498343 -0.0032759494021320588 0.006984083189418347 0.1886205192061164 1 1 1 1 1 1 1 1 1 1 1 1 1 1 1
23 276 -0.26361031037190963 -0.0007606927242893842 0.004075028943894315 0.20693912312280227 1 1 1 1 1 1 1 1 1 1 1 1 1 1 1
24 288 -0.2780296232221914 -0.0035050164956123508 0.002476643082122607 0.23365965884740506 1 1 1 1 1 1 1 1 1 1 1 1 1 1 1
25 300 -0.2831800195503091 -0.0037679158667693847 0.0010773037108700206 0.25966912891935134 1 1 1 1 1 1 1 1 1 1 1 1 1 1 1
26 312 -0.29253015021840506 -0.004919550901687454 0.001185788368776634 0.28368014359734184 1 1 1 1 1 1 1 1 1 1 1 1 1 1 1
27 324 -0.3153167186641877 -0.0023781034358255205 0.0004105055298853527 0.3247703295260478 1 1 1 1 1 1 1 1 1 1 1 1 1 1 1
28 336 -0.31396344621115435 -0.000480433279180924 0.0011834340133254342 0.32398007628366393 1 1 1 1 1 1 1 1 1 1 1 1 1 1 1
29 348 -0.31343904164860814 -0.0007041407332829616 0.0013179247040888626 0.322957994772079 1 1 1 1 1 1 1 1 1 1 1 1 1 1 1
30 360 -0.3199606147171596 -0.0026286249909373426 0.002097448554960993 0.31912800714444123 1 1 1 1 1 1 1 1 1 1 1 1 1 1 1
31 372 -0.3197198093494788 -0.0031591300715173003 0.00025868338882686123 0.312657560706401 1 1 1 1 1 1 1 1 1 1 1 1 1 1 1
32 384 -0.32228276226268665 -0.0005682275811047133 8.81213461069801e-05 0.32368655007107366 1 1 1 1 1 1 1 1 1 1 1 1 1 1 1
33 396 -0.2899121081381178 -0.0006604229751522707 0.0008359021383464385 0.3376375089239196 1 1 1 1 1 1 1 1 1 1 1 1 1 1 1
34 408 -0.27663879587317314 -0.0012265966522088147 0.0004892686409463787 0.33340886619017746 1 1 1 1 1 1 1 1 1 1 1 1 1 1 1
35 420 -0.27927020767689675 -0.0011968860877451062 0.0004544452603732868 0.3313892880996561 1 1 1 1 1 1 1 1 1 1 1 1 1 1 1
36 432 -0.26587645206329136 -0.0020471047796089227 0.004093207733003002 0.33300927260227875 1 1 1 1 1 1 1 1 1 1 1 1 1 1 1
37 444 -0.2643491300058044 -0.00010987757327319202 1.1628976510576694e-05 0.34370298936187915 1 1 1 1 1 1 1 1 1 1 1 1 1 1 1
38 456 -0.28142919329881866 -0.0017379221583679627 0.004113563354744297 0.3475715179260179 1 1 1 1 1 1 1 1 1 1 1 1 1 1 1
39 468 -0.28732640278197075 -0.001111655874552344 0.0014340995226873033 0.3607270969799197 1 1 1 1 1 1 1 1 1 1 1 1 1 1 1
40 480 -0.27991093194667915 -0.0008743095452235468 0.0007241595123304747 0.3597365788121729 1 1 1 1 1 1 1 1 1 1 1 1 1 1 1
41 492 -0.2956004069616906 -0.002052246654238956 0.004754925035991394 0.3482417265697022 1 1 1 1 1 1 1 1 1 1 1 1 1 1 1
42 504 -0.3195376225819966 -0.00018738521392441208 0.0026405779370813377 0.3607141498630308 1 1 1 1 1 1 1 1 1 1 1 1 1 1 1
43 516 -0.3305181099423772 -0.004759952247618377 0.0002421498178314235 0.392338399972329 1 1 1 1 1 1 1 1 1 1 1 1 1 1 1
44 528 -0.3238591973982799 -3.8274970902906507e-05 0.00018589877471670047 0.40774425062489245 1 1 1 1 1 1 1 1 1 1 1 1 1 1 1
45 540 -0.33080409608776024 -0.0056548199825169265 0.0006952239266166399 0.4125664161774637 1 1 1 1 1 1 1 1 1 1 1 1 1 1 1
46 552 -0.3290746225032899 -0.0019310607817724051 4.066865606675185e-05 0.4092836496724667 1 1 1 1 1 1 1 1 1 1 1 1 1 1 1
47 564 -0.3309745398058467 -0.005494217792473002 0.002202131427508236 0.41709119101002107 1 1 1 1 1 1 1 1 1 1 1 1 1 1 1
48 576 -0.33166337417260905 -0.0027767055376816166 0.000724147482174655 0.4049960406716478 1 1 1 1 1 1 1 1 1 1 1 1 1 1 1
49 588 -0.3309650846290015 -0.00037221033324031153 0.0014121444400123676 0.3943138758328403 1 1 1 1 1 1 1 1 1 1 1 1 1 1 1
50 600 -0.3403464510579001 -0.0007089287831361454 0.0035757744161211895 0.3932840031063057 1 1 1 1 1 1 1 1 1 1 1 1 1 1 1
51 612 -0.3381900152474591 -0.0004497247551688059 0.002390890568940523 0.4043678207520322 1 1 1 1 1 1 1 1 1 1 1 1 1 1 1
52 624 -0.3422569052995769 -0.0005727705650080065 0.004487963035347312 0.40480925139708746 1 1 1 1 1 1 1 1 1 1 1 1 1 1 1
53 636 -0.3333280223925434 -0.00012217451736521077 0.0006835564377592733 0.4163014446848758 1 1 1 1 1 1 1 1 1 1 1 1 1 1 1
54 648 -0.3412808828716338 -1.2912909280094339e-05 0.004525762436195663 0.40743069382753594 1 1 1 1 1 1 1 1 1 1 1 1 1 1 1
55 660 -0.33052661613484513 -0.0006075057326871393 0.005133304114965337 0.3938928250376289 1 1 1 1 1 1 1 1 1 1 1 1 1 1 1
56 672 -0.3404791625539985 -0.007866968824417366 0.0002578188231897495 0.38917851759643723 1 1 1 1 1 1 1 1 1 1 1 1 1 1 1
57 684 -0.3316706865429722 -0.004585980996021496 0.002839214851290103 0.38887642648075255 1 1 1 1 1 1 1 1 1 1 1 1 1 1 1
58 696 -0.3351546339603875 -0.007060909478665087 0.001563355713058892 0.39078967614004356 1 1 1 1 1 1 1 1 1 1 1 1 1 1 1
59 708 -0.3360616000095493 -0.004225841684545492 0.002540837625880213 0.3970590330326187 1 1 1 1 1 1 1 1 1 1 1 1 1 1 1
60 720 -0.35278719793230867 -0.0019795911081231764 0.004919770585528564 0.40237315251021183 1 1 1 1 1 1 1 1 1 1 1 1 1 1 1
61 732 -0.35579623452592374 -0.00580298555603463 0.0010333069675779597 0.4096799118229154 1 1 1 1 1 1 1 1 1 1 1 1 1 1 1
62 744 -0.3704698123872809 -0.0011785096492223368 0.0025260040513658995 0.4177162816325491 1 1 1 1 1 1 1 1 1 1 1 1 1 1 1
63 756 -0.37445626726912756 -0.0022490417668326068 0.0011638336353517538 0.41115356535720216 1 1 1 1 1 1 1 1 1 1 1 1 1 1 1
64 768 -0.3690343790299617 -0.0034943360932230025 0.002553946628771009 0.43815870033042376 1 1 1 1 1 1 1 1 1 1 1 1 1 1 1
65 780 -0.35753780601454055 -0.0045180855177133425 0.0011659970771809422 0.44796551052923467 1 1 1 1 1 1 1 1 1 1 1 1 1 1 1
66 792 -0.3494984779361393 -0.0004302292544776674 0.007971159949593505 0.43743731480209075 1 1 1 1 1 1 1 1 1 1 1 1 1 1 1
67 804 -0.3472091571158945 -0.0017925905850823443 0.004111701421656091 0.444641093047129 1 1 1 1 1 1 1 1 1 1 1 1 1 1 1
68 816 -0.35217353178581495 -0.002657902796827278 0.0027612590379756104 0.4205360602678975 1 1 1 1 1 1 1 1 1 1 1 1 1 1 1
69 828 -0.365719483122441 -0.002450374272446703 0.003374525717376883 0.43528947153620295 1 1 1 1 1 1 1 1 1 1 1 1 1 1 1
70 840 -0.3615785657231429 -0.008739186522901732 0.002621808245933881 0.44640781757185904 1 1 1 1 1 1 1 1 1 1 1 1 1 1 1
71 852 -0.37128703599465196 -0.0014934255531851347 0.00014799829937395107 0.4260263363926323 1 1 1 1 1 1 1 1 1 1 1 1 1 1 1
72 864 -0.3690916710202533 -0.006594899496447711 0.01026138176423949 0.43309114788396114 1 1 1 1 1 1 1 1 1 1 1 1 1 1 1
73 876 -0.36411174317744116 -0.00026755669983817066 0.00030141127713821143 0.4356322389678607 1 1 1 1 1 1 1 1 1 1 1 1 1 1 1
74 888 -0.37987560701801787 -0.0024442623511089162 0.0009937085614720761 0.44364549876670917 1 1 1 1 1 1 1 1 1 1 1 1 1 1 1
75 900 -0.4002961947501766 -0.006706971740420847 0.0028524904337356434 0.4239178855723496 1 1 1 1 1 1 1 1 1 1 1 1 1 1 1
76 912 -0.40961206116220733 -0.0009819461538810685 0.003508225294672104 0.4187689794167511 1 1 1 1 1 1 1 1 1 1 1 1 1 1 1
77 924 -0.40007321996693035 -0.002445248563008338 0.004691533761578501 0.39489387795735276 1 1 1 1 1 1 1 1 1 1 1 1 1 1 1
78 936 -0.41205323322366283 -7.985710918720787e-06 0.0003263979362532171 0.37871361872321807 1 1 1 1 1 1 1 1 1 1 1 1 1 1 1
79 948 -0.40108049967128107 -0.0019575855904216126 0.0021257440556031043 0.3757268903104485 1 1 1 1 1 1 1 1 1 1 1 1 1 1 1
80 960 -0.4022571291719993 -0.00015952405402451197 0.0005348859244572149 0.3700164844702281 1 1 1 1 1 1 1 1 1 1 1 1 1 1 1
81 972 -0.39147379838278873 -0.0009588742297830992 0.0003329291740987247 0.36820084932305563 1 1 1 1 1 1 1 1 1 1 1 1 1 1 1
82 984 -0.4068044668723964 -0.0008595038683452029 0.00010601708785704754 0.3754008037869889 1 1 1 1 1 1 1 1 1 1 1 1 1 1 1
83 996 -0.3993837542518976 -0.004211489380125815 0.0005315782005900027 0.37229635245963183 1 1 1 1 1 1 1 1 1 1 1 1 1 1 1
84 1008 -0.4044676928007494 -0.0067169310407835595 0.004748339570200347 0.39902323049399907 1 1 1 1 1 1 1 1 1 1 1 1 1 1 1
85 1020 -0.4029726474301925 -0.0011897271390332671 0.0013500534902574778 0.39865619548074527 1 1 1 1 1 1 1 1 1 1 1 1 1 1 1
86 1032 -0.4015889257008549 -0.0054288157354198075 0.005144891951526977 0.4036768737835035 1 1 1 1 1 1 1 1 1 1 1 1 1 1 1
87 1044 -0.39835881993374994 -0.001341436030411157 0.0037808698987819513 0.3974745472172831 1 1 1 1 1 1 1 1 1 1 1 1 1 1 1
88 1056 -0.41798542353185725 -0.001497074773196992 0.012403318362443985 0.3991940691765679 1 1 1 1 1 1 1 1 1 1 1 1 1 1 1
89 1068 -0.408784711051291 -0.004419816165851676 0.002055590353823196 0.3762517939955047 1 1 1 1 1 1 1 1 1 1 1 1 1 1 1
90 1080 -0.3956362869086459 -0.0017333824362674643 0.0037240381085031833 0.37725488104913324 1 1 1 1 1 1 1 1 1 1 1 1 1 1 1
91 1092 -0.4001416409447012 -0.0021403296006318848 0.0034726623771514347 0.34602127443542147 1 1 1 1 1 1 1 1 1 1 1 1 1 1 1
92 1104 -0.4028313551625602 -0.006136969275882009 0.004249007252246929 0.33841888994656977 1 1 1 1 1 1 1 1 1 1 1 1 1 1 1
93 1116 -0.38527420472176405 -0.010312760734878532 0.002121044275619332 0.3238553726018229 1 1 1 1 1 1 1 1 1 1 1 1 1 1 1
94 1128 -0.3750253572437889 -0.0009826921329596583 0.00042547263142341245 0.3289687732117329 1 1 1 1 1 1 1 1 1 1 1 1 1 1 1
95 1140 -0.37696123860100533 -0.0006904972242806307 0.0011043601340688812 0.3163309501451245 1 1 1 1 1 1 1 1 1 1 1 1 1 1 1
96 1152 -0.3834367144952939 -0.0004924312809686524 0.008791185851183386 0.3107926738466042 1 1 1 1 1 1 1 1 1 1 1 1 1 1 1
97 1164 -0.3764777176621197 -0.0018692969002479655 0.0037255207413933737 0.30913815736784134 1 1 1 1 1 1 1 1 1 1 1 1 1 1 1
98 1176 -0.38196608698692175 -0.0017737245762041102 0.00832997683170239 0.32128631602509927 1 1 1 1 1 1 1 1 1 1 1 1 1 1 1
99 1188 -0.39264157801321703 -4.776873170777923e-05 0.006141543888519746 0.3332013189965191 1 1 1 1 1 1 1 1 1 1 1 1 1 1 1
100 1200 -0.3831238541135303 -0.0066250058585007095 0.0011163959821596894 0.314025681602781 1 1 1 1 1 1 1 1 1 1 1 1 1 1 1
101 1212 -0.4080446951981571 -0.002812169807247019 7.066942718569632e-05 0.3179869914347553 1 1 1 1 1 1 1 1 1 1 1 1 1 1 1
102 1224 -0.4285304115101966 -0.0005990892147870734 0.005542945393886983 0.3216947766044172 1 1 1 1 1 1 1 1 1 1 1 1 1 1 1
103 1236 -0.43506027781205453 -0.0011461258637135304 0.0015841479420545576 0.31030878953846464 1 1 1 1 1 1 1 1 1 1 1 1 1 1 1
104 1248 -0.4680060677048826 -0.0007917316803519488 0.004519068915979242 0.3333031431237657 1 1 1 1 1 1 1 1 1 1 1 1 1 1 1
105 1260 -0.4871843738732997 -0.002369028713039243 0.005227460515539359 0.3437291027239756 1 1 1 1 1 1 1 1 1 1 1 1 1 1 1
106 1272 -0.5094949754231978 -0.0005762643767485995 0.00019304585104881468 0.341469258577442 1 1 1 1 1 1 1 1 1 1 1 1 1 1 1
107 1284 -0.5140206222616658 -0.00019536890628485125 0.0005087964124129416 0.3480159272118653 1 1 1 1 1 1 1 1 1 1 1 1 1 1 1
108 1296 -0.5224823752917681 -0.004614936447624721 4.855578135898035e-05 0.36020315583965834 1 1 1 1 1 1 1 1 1 1 1 1 1 1 1
109 1308 -0.5196526745325574 -0.0014899780465736402 0.007293786191702699 0.36548711062553213 1 1 1 1 1 1 1 1 1 1 1 1 1 1 1
110 1320 -0.5185016817126369 -0.0018535375226755363 0.005335236410527169 0.3717369430971515 1 1 1 1 1 1 1 1 1 1 1 1 1 1 1
111 1332 -0.5195960584436556 -0.003391246401736657 0.0056468922570002186 0.36179597187469076 1 1 1 1 1 1 1 1 1 1 1 1 1 1 1
112 1344 -0.5011195500859538 -0.0016526181032478758 0.008965471548602711 0.40196877945930376 1 1 1 1 1 1 1 1 1 1 1 1 1 1 1
113 1356 -0.4871025025588015 -0.0012118159361213974 0.0017052002010979049 0.405034608380116 1 1 1 1 1 1 1 1 1 1 1 1 1 1 1
114 1368 -0.492551324317108 -0.001643607511367873 0.0010257310712360858 0.41735437375249546 1 1 1 1 1 1 1 1 1 1 1 1 1 1 1
115 1380 -0.48604555252633364 -0.0011046015800463146 0.002342401793373318 0.45310957630350335 1 1 1 1 1 1 1 1 1 1 1 1 1 1 1
116 1392 -0.47393297666511564 -0.002884023384910714 0.002199954720099279 0.4835776376659372 1 1 1 1 1 1 1 1 1 1 1 1 1 1 1
117 1404 -0.4766849019328618 -0.006796401730679132 0.0001124134349828904 0.5084913667086882 1 1 1 1 1 1 1 1 1 1 1 1 1 1 1
118 1416 -0.47701764597321294 -0.0003250163828344027 0.0024263927493583873 0.5110747998660853 1 1 1 1 1 1 1 1 1 1 1 1 1 1 1
119 1428 -0.4729389735983743 -0.0008804256981940852 0.008429604982488478 0.509039532404952 1 1 1 1 1 1 1 1 1 1 1 1 1 1 1
120 1440 -0.4738326722161892 -0.0006446888234859221 0.0024054152517499505 0.516651546400017 1 1 1 1 1 1 1 1 1 1 1 1 1 1 1
121 1452 -0.47344426947091367 -0.0009871747678987506 0.004163828368424506 0.5102206180332407 1 1 1 1 1 1 1 1 1 1 1 1 1 1 1
122 1464 -0.45911048166068247 -0.010725640909439586 0.0002764096222294908 0.5122229985882072 1 1 1 1 1 1 1 1 1 1 1 1 1 1 1
123 1476 -0.45496363613922103 -0.00485052104905568 0.001034995480622943 0.518579600284538 1 1 1 1 1 1 1 1 1 1 1 1 1 1 1
124 1488 -0.46301835219264137 -0.009930449792151418 0.002152507195237876 0.5167023932571442 1 1 1 1 1 1 1 1 1 1 1 1 1 1 1
125 1500 -0.4557643978469654 -0.0007949722857300042 0.0003394374021904225 0.5109964356045191 1 1 1 1 1 1 1 1 1 1 1 1 1 1 1
126 1512 -0.45224808111115455 -0.0002575531215269341 0.010772749263555197 0.5032909265713184 1 1 1 1 1 1 1 1 1 1 1 1 1 1 1
127 1524 -0.4344800459140317 -0.0011358030058502243 0.0021361237344336265 0.42580008347358905 1 1 1 1 1 1 1 1 1 1 1 1 1 1 1
128 1536 -0.44482337643919306 -0.002678600921529025 0.0010822881460764977 0.42277245374581524 1 1 1 1 1 1 1 1 1 1 1 1 1 1 1
129 1548 -0.4380917223342822 -0.023710691026018388 0.0017009904021732481 0.4280391628850378 1 1 1 1 1 1 1 1 1 1 1 1 1 1 1
130 1560 -0.4488595089465793 -0.004295560605364969 0.0013962041471763636 0.44965485499348434 1 1 1 1 1 1 1 1 1 1 1 1 1 1 1
131 1572 -0.4572259881383867 -0.004300714077272837 0.008107211009267184 0.4428479806782294 1 1 1 1 1 1 1 1 1 1 1 1 1 1 1
132 1584 -0.4489008416671144 -0.0008730482183148064 0.014330125384071612 0.45128510677286626 1 1 1 1 1 1 1 1 1 1 1 1 1 1 1
133 1596 -0.4609872337751837 -0.002770874510338482 0.008855974370845825 0.46547816047284923 1 1 1 1 1 1 1 1 1 1 1 1 1 1 1
134 1608 -0.48014741619927165 -0.0023744007796326874 0.002364518160265663 0.462248156314807 1 1 1 1 1 1 1 1 1 1 1 1 1 1 1
135 1620 -0.4827753819108009 -0.0011568508472447133 0.002147730756189981 0.47030390893505775 1 1 1 1 1 1 1 1 1 1 1 1 1 1 1
136 1632 -0.47995253792524994 -0.0036586401107738167 0.005046826573980609 0.4742386571099796 1 1 1 1 1 1 1 1 1 1 1 1 1 1 1
137 1644 -0.48611977597962996 -0.0018144656299371356 0.007748556573754909 0.4805627008641821 1 1 1 1 1 1 1 1 1 1 1 1 1 1 1
138 1656 -0.4862972478445971 -0.00028548358546382006 0.0023426492506029416 0.4775377610520273 1 1 1 1 1 1 1 1 1 1 1 1 1 1 1
139 1668 -0.48377155683961887 -0.004531907764215429 0.00012826317005805237 0.4687928485599773 1 1 1 1 1 1 1 1 1 1 1 1 1 1 1
140 1680 -0.49200178511967274 -0.0019637744842322113 0.0001150499979300795 0.4569036928488446 1 1 1 1 1 1 1 1 1 1 1 1 1 1 1
141 1692 -0.5005705160412 -0.005470462833837388 0.0021034663310753343 0.45241528647450413 1 1 1 1 1 1 1 1 1 1 1 1 1 1 1
142 1704 -0.48713703469612496 -0.005649716196119057 0.0009831087771173422 0.47730465398984 1 1 1 1 1 1 1 1 1 1 1 1 1 1 1
143 1716 -0.4909071450960544 -0.0007244761304543856 0.007147791650472628 0.4905085298009051 1 1 1 1 1 1 1 1 1 1 1 1 1 1 1
144 1728 -0.47911015747201263 -0.002394726195599796 0.011735461866018856 0.46857307780809676 1 1 1 1 1 1 1 1 1 1 1 1 1 1 1
145 1740 -0.4897389077603144 -0.00730237185818766 0.015065633388704428 0.48061016431678155 1 1 1 1 1 1 1 1 1 1 1 1 1 1 1
146 1752 -0.489382248830057 -0.01286095080396377 0.00384433417331636 0.47570060407310005 1 1 1 1 1 1 1 1 1 1 1 1 1 1 1
147 1764 -0.4958973846479764 -0.0035220063925668187 0.0015636151446869267 0.47401888221254085 1 1 1 1 1 1 1 1 1 1 1 1 1 1 1
148 1776 -0.4925828524931698 -0.0009003334471366667 0.003199720400715811 0.4896759403821152 1 1 1 1 1 1 1 1 1 1 1 1 1 1 1
149 1788 -0.47322391475836 -0.008577558724654231 0.00038061428503509246 0.5030252605393251 1 1 1 1 1 1 1 1 1 1 1 1 1 1 1
150 1800 -0.4687448094645257 -0.011728729896809441 0.0007019211818677716 0.5089795224375765 1 1 1 1 1 1 1 1 1 1 1 1 1 1 1
151 1812 -0.46839338648196693 -0.0010039414186770342 0.008130796352991132 0.5190057998383454 1 1 1 1 1 1 1 1 1 1 1 1 1 1 1
152 1824 -0.46610826403185784 -0.005307914606880771 0.008568848289856372 0.5268244591589321 1 1 1 1 1 1 1 1 1 1 1 1 1 1 1
153 1836 -0.45962863575006385 -0.004400028956934145 0.0009853630070742478 0.5390438670134233 1 1 1 1 1 1 1 1 1 1 1 1 1 1 1
154 1848 -0.47700418416972695 -0.006712861931009201 0.004496756276134384 0.5550853399038944 1 1 1 1 1 1 1 1 1 1 1 1 1 1 1
155 1860 -0.47950806648085414 -0.005476692415668876 0.00014698460109580227 0.5598689665834591 1 1 1 1 1 1 1 1 1 1 1 1 1 1 1
156 1872 -0.48100819746746665 -0.001949975421413253 0.00212947757621109 0.5662535776727797 1 1 1 1 1 1 1 1 1 1 1 1 1 1 1
157 1884 -0.4780151295124802 -0.0022394209058299386 0.0032893729374430126 0.5790410828802981 1 1 1 1 1 1 1 1 1 1 1 1 1 1 1
158 1896 -0.49525058747203615 -0.003348293578292784 0.0004132154873710853 0.579367669508993 1 1 1 1 1 1 1 1 1 1 1 1 1 1 1
159 1908 -0.5098329182345369 -0.0013302936646803058 0.0027224416688801743 0.5925940681744906 1 1 1 1 1 1 1 1 1 1 1 1 1 1 1
160 1920 -0.5191752161045511 -0.003892763421804947 0.006562106420106292 0.5994503984655731 1 1 1 1 1 1 1 1 1 1 1 1 1 1 1
161 1932 -0.5324829149784516 -0.003978327556967559 0.0018650304722852018 0.5990263209434549 1 1 1 1 1 1 1 1 1 1 1 1 1 1 1
162 1944 -0.5234273971304176 -0.0014765808617935767 0.0008884316201236471 0.5943999458963852 1 1 1 1 1 1 1 1 1 1 1 1 1 1 1
163 1956 -0.5109359008091727 -0.0070726197244867384 0.003359576833691865 0.5831833302267249 1 1 1 1 1 1 1 1 1 1 1 1 1 1 1
164 1968 -0.5110896464067476 -0.0013859510710400296 0.004590031929009216 0.5817891828438568 1 1 1 1 1 1 1 1 1 1 1 1 1 1 1
165 1980 -0.5172182057444066 -0.0005783182008587995 0.010906538467876419 0.5820721595518364 1 1 1 1 1 1 1 1 1 1 1 1 1 1 1
166 1992 -0.5323269594438724 -0.0004134292032712177 0.00014168922708512844 0.5881651905165776 1 1 1 1 1 1 1 1 1 1 1 1 1 1 1
167 2004 -0.5328767927511061 -0.0004468684014412417 0.0030849046452943603 0.5807306600624683 1 1 1 1 1 1 1 1 1 1 1 1 1 1 1
168 2016 -0.5257042963053564 -0.0005140393694918345 0.0012648950361393784 0.5712498477659862 1 1 1 1 1 1 1 1 1 1 1 1 1 1 1
169 2028 -0.5158564961433603 -0.0005188071927439935 0.002614750717217665 0.5782616802374443 1 1 1 1 1 1 1 1 1 1 1 1 1 1 1
170 2040 -0.5142526735832482 -0.004621333747928636 0.008553144695843885 0.5827471933652422 1 1 1 1 1 1 1 1 1 1 1 1 1 1 1
171 2052 -0.509063285521924 -0.005869684037642401 0.006616267322337744 0.5749181546604812 1 1 1 1 1 1 1 1 1 1 1 1 1 1 1
172 2064 -0.5172031225560395 -0.0038348873463916024 0.008436503837070841 0.5817300913454015 1 1 1 1 1 1 1 1 1 1 1 1 1 1 1
173 2076 -0.5155546334019135 -0.005940010676060516 0.0013241407085962816 0.579783970094791 1 1 1 1 1 1 1 1 1 1 1 1 1 1 1
174 2088 -0.5225009100633377 -0.002376095780681129 0.0018001122931334762 0.5754388023858108 1 1 1 1 1 1 1 1 1 1 1 1 1 1 1
175 2100 -0.5419722616679796 -0.0013690172273190138 0.0083349259698506 0.5751058350750258 1 1 1 1 1 1 1 1 1 1 1 1 1 1 1
176 2112 -0.5447612910888386 -0.014845990720509768 0.0009724011026423145 0.5637444344142438 1 1 1 1 1 1 1 1 1 1 1 1 1 1 1
177 2124 -0.5412246156029733 -0.002388098808376668 0.007542092280304551 0.5493915379509681 1 1 1 1 1 1 1 1 1 1 1 1 1 1 1
178 2136 -0.5465750367349235 -0.001249502420470669 0.015327592101032668 0.5533967490679413 1 1 1 1 1 1 1 1 1 1 1 1 1 1 1
179 2148 -0.544043180564578 -0.009188600369551797 0.006492456794390685 0.5601891509579772 1 1 1 1 1 1 1 1 1 1 1 1 1 1 1
180 2160 -0.5422258614884561 -0.002154504529779568 0.005425632087327003 0.5711617756992619 1 1 1 1 1 1 1 1 1 1 1 1 1 1 1
181 2172 -0.5279554653450746 -0.002543902194904365 0.0025404280020283345 0.5736604123409705 1 1 1 1 1 1 1 1 1 1 1 1 1 1 1
182 2184 -0.49305696690423806 -0.0008523120189099409 0.0027567445124195102 0.5692002390232697 1 1 1 1 1 1 1 1 1 1 1 1 1 1 1
183 2196 -0.4966074710270064 -0.0008437314058750581 0.0004704051574097625 0.5634135369811547 1 1 1 1 1 1 1 1 1 1 1 1 1 1 1
184 2208 -0.46963987986512334 -0.004192643814765028 0.0014763573541734984 0.5729935001697525 1 1 1 1 1 1 1 1 1 1 1 1 1 1 1
185 2220 -0.4597376867892147 -0.006146130412852939 0.0013075233936832413 0.5733735914196356 1 1 1 1 1 1 1 1 1 1 1 1 1 1 1
186 2232 -0.4594402495821709 -0.0033679301987857456 0.0022320103067095436 0.5773066285718097 1 1 1 1 1 1 1 1 1 1 1 1 1 1 1
187 2244 -0.45401257824507085 -0.0014699800169798586 0.009161913191728209 0.58818322211782 1 1 1 1 1 1 1 1 1 1 1 1 1 1 1
188 2256 -0.44695150348013796 -0.008183012892205419 0.0037531082972579277 0.597010592458856 1 1 1 1 1 1 1 1 1 1 1 1 1 1 1
189 2268 -0.44547265441063366 -0.00695391747544563 0.0009389716564455865 0.5942994526812999 1 1 1 1 1 1 1 1 1 1 1 1 1 1 1
190 2280 -0.44565352436004835 -0.009868311793941018 0.006583839774381826 0.5932001914775789 1 1 1 1 1 1 1 1 1 1 1 1 1 1 1
191 2292 -0.4564865545062845 -0.0009756227835570573 0.0003941485060207773 0.588056001263029 1 1 1 1 1 1 1 1 1 1 1 1 1 1 1
192 2304 -0.45958738346546824 -0.002972864148683636 0.0006537418165718056 0.5933170226652467 1 1 1 1 1 1 1 1 1 1 1 1 1 1 1
193 2316 -0.45296767641017316 -0.003935019777409885 0.0023432143615024926 0.5808816334894441 1 1 1 1 1 1 1 1 1 1 1 1 1 1 1
194 2328 -0.44467245817018375 -0.003384593764068134 0.0035673092248081416 0.5857019599922293 1 1 1 1 1 1 1 1 1 1 1 1 1 1 1
195 2340 -0.4500276703918556 -0.002545839514909204 0.008050583779641603 0.5883788262896589 1 1 1 1 1 1 1 1 1 1 1 1 1 1 1
196 2352 -0.4505254809863245 -0.02311349665193227 0.0009408514192053619 0.5827002094849947 1 1 1 1 1 1 1 1 1 1 1 1 1 1 1
197 2364 -0.4399979999402333 -0.01758863136882308 0.007329920818724612 0.5955904653700524 1 1 1 1 1 1 1 1 1 1 1 1 1 1 1
198 2376 -0.43211080526372303 -0.009180726509672735 0.011773313959242407 0.6015018136193218 1 1 1 1 1 1 1 1 1 1 1 1 1 1 1
199 2388 -0.426935063797418 -0.0031738649614545832 0.006018835062220555 0.6010060527978951 1 1 1 1 1 1 1 1 1 1 1 1 1 1 1
200 2400 -0.44091768342696036 -0.018896294269268227 0.004504247489591023 0.5969501067361836 1 1 1 1 1 1 1 1 1 1 1 1 1 1 1
201 2412 -0.4417390636703024 -0.004513122728417587 0.018632827089891408 0.5920507426912957 1 1 1 1 1 1 1 1 1 1 1 1 1 1 1
202 2424 -0.454229452931288 -0.003700691206053325 0.001471953382583897 0.5961603282967427 1 1 1 1 1 1 1 1 1 1 1 1 1 1 1
203 2436 -0.4522795422717472 -0.003706916365790776 0.007920577013527141 0.6006395294047984 1 1 1 1 1 1 1 1 1 1 1 1 1 1 1
204 2448 -0.45280442083730266 -0.0011628376321652619 0.0009956654010529627 0.6057754198429772 1 1 1 1 1 1 1 1 1 1 1 1 1 1 1
205 2460 -0.45423040852436947 -0.02780885750061632 0.004515562335071854 0.6074619530069444 1 1 1 1 1 1 1 1 1 1 1 1 1 1 1
206 2472 -0.44828247548924227 -0.0021261566623568488 0.008011568879920602 0.601368109614729 1 1 1 1 1 1 1 1 1 1 1 1 1 1 1
207 2484 -0.45077753043923924 -0.020525857904280295 0.0006454177736935705 0.5999797617384363 1 1 1 1 1 1 1 1 1 1 1 1 1 1 1
208 2496 -0.4624027521716186 -0.015422038928381942 0.003970281637941138 0.5851871789085155 1 1 1 1 1 1 1 1 1 1 1 1 1 1 1
209 2508 -0.46919649948860714 -0.006420700825583449 0.01657075729383 0.5934116343309044 1 1 1 1 1 1 1 1 1 1 1 1 1 1 1
210 2520 -0.4639781155926883 -0.007316677805819535 0.005296057255735112 0.5911592309183399 1 1 1 1 1 1 1 1 1 1 1 1 1 1 1
211 2532 -0.47411365030359054 -0.0008432268758046444 0.011185784656830646 0.5804869461044666 1 1 1 1 1 1 1 1 1 1 1 1 1 1 1
212 2544 -0.47027833045550815 -0.005529078748860947 0.0028108058697669013 0.5740868247870133 1 1 1 1 1 1 1 1 1 1 1 1 1 1 1
213 2556 -0.4647266790059487 -0.001856480145554009 0.006861901266427427 0.5604911633282419 1 1 1 1 1 1 1 1 1 1 1 1 1 1 1
214 2568 -0.46288147529883267 -0.011630848717934579 0.0011240248821162112 0.5576675817361731 1 1 1 1 1 1 1 1 1 1 1 1 1 1 1
215 2580 -0.4651448642433903 -0.004608933621427679 0.0017023067268297446 0.5385515860354737 1 1 1 1 1 1 1 1 1 1 1 1 1 1 1
216 2592 -0.4714217557237546 -0.0005307425703816944 0.006073013825170847 0.5299198967723237 1 1 1 1 1 1 1 1 1 1 1 1 1 1 1
217 2604 -0.48677010633766143 -0.02516323819572004 0.0030139344306319158 0.5400073200778854 1 1 1 1 1 1 1 1 1 1 1 1 1 1 1
218 2616 -0.4956663079928153 -0.005885093769570525 0.008549700091284607 0.5356347890268522 1 1 1 1 1 1 1 1 1 1 1 1 1 1 1
219 2628 -0.499777459938619 -0.01286027597823129 0.0006521540341892905 0.5259065822519321 1 1 1 1 1 1 1 1 1 1 1 1 1 1 1
220 2640 -0.48775646886920954 -0.0010530135629986633 0.0029243379043001746 0.522519377747933 1 1 1 1 1 1 1 1 1 1 1 1 1 1 1
221 2652 -0.46753986707993866 -0.015301289579651463 0.0014811239946027307 0.5172232517759534 1 1 1 1 1 1 1 1 1 1 1 1 1 1 1
222 2664 -0.4639132360695867 -0.0021563778575827246 0.002295481104928056 0.4956272107815062 1 1 1 1 1 1 1 1 1 1 1 1 1 1 1
223 2676 -0.4715622769748139 -0.0035947269733959297 0.0019672263613413543 0.48512081256399187 1 1 1 1 1 1 1 1 1 1 1 1 1 1 1
224 2688 -0.4649006938165294 -0.0017359755026816728 0.003802155990778195 0.4643671765694392 1 1 1 1 1 1 1 1 1 1 1 1 1 1 1
225 2700 -0.45382813256624915 -0.0004985855372967596 0.0017973581500062492 0.45665643590255856 1 1 1 1 1 1 1 1 1 1 1 1 1 1 1
226 2712 -0.4569803693615674 -0.0022616750988141343 0.0021914603418400794 0.45420892046681166 1 1 1 1 1 1 1 1 1 1 1 1 1 1 1
227 2724 -0.4527233682622324 -0.0009546190068773813 5.6272205201722374e-05 0.4702755548023162 1 1 1 1 1 1 1 1 1 1 1 1 1 1 1
228 2736 -0.47936171153865464 -0.005029156060934651 0.0004950785855854663 0.4840951499408244 1 1 1 1 1 1 1 1 1 1 1 1 1 1 1
229 2748 -0.4756490864479293 -0.0018161115657270644 0.003475274792058833 0.4722282037180647 1 1 1 1 1 1 1 1 1 1 1 1 1 1 1
230 2760 -0.4786323658875145 -0.004059612172185265 0.008098201699747091 0.4772960873006505 1 1 1 1 1 1 1 1 1 1 1 1 1 1 1
231 2772 -0.46509013308674535 -0.002526877590203197 0.00686938076820736 0.4636471657144058 1 1 1 1 1 1 1 1 1 1 1 1 1 1 1
232 2784 -0.4526680966596312 -0.0013835070156589288 0.003879763928554956 0.47470860296523887 1 1 1 1 1 1 1 1 1 1 1 1 1 1 1
233 2796 -0.4689600987569605 -0.000443835085521681 0.011479975922054712 0.4811538636159676 1 1 1 1 1 1 1 1 1 1 1 1 1 1 1
234 2808 -0.4656355366773415 -0.003170163873869477 0.0022187063205886316 0.4763207584130714 1 1 1 1 1 1 1 1 1 1 1 1 1 1 1
235 2820 -0.4450365732495947 -0.001343411253732417 0.002101410692348198 0.4601347249733344 1 1 1 1 1 1 1 1 1 1 1 1 1 1 1
236 2832 -0.4273639273668299 -0.0013285027835978765 0.00191773772243368 0.476601814089275 1 1 1 1 1 1 1 1 1 1 1 1 1 1 1
237 2844 -0.4147665857015575 -0.0058606241544150285 0.005509236513448324 0.4673978335663239 1 1 1 1 1 1 1 1 1 1 1 1 1 1 1
238 2856 -0.39926993145114337 -0.0005474334594905532 0.000984389808116064 0.47081507346877793 1 1 1 1 1 1 1 1 1 1 1 1 1 1 1
239 2868 -0.38684274253747764 -0.00657494844839104 0.001816174949475269 0.4637014290741678 1 1 1 1 1 1 1 1 1 1 1 1 1 1 1
240 2880 -0.39491515500380625 -0.001562900761917032 0.005939164943830651 0.4415278547049828 1 1 1 1 1 1 1 1 1 1 1 1 1 1 1
241 2892 -0.40409760441374903 -0.00028140075784814406 0.0007538328591635477 0.4306883570233707 1 1 1 1 1 1 1 1 1 1 1 1 1 1 1
242 2904 -0.39354837637102263 -0.007387912565717666 0.002504816586038741 0.4266482573761631 1 1 1 1 1 1 1 1 1 1 1 1 1 1 1
243 2916 -0.38271573600006203 -0.008634125192205194 0.004406240813122901 0.4259577328697445 1 1 1 1 1 1 1 1 1 1 1 1 1 1 1
244 2928 -0.38012393178669157 -0.0017188809342179555 0.004472640055931801 0.41318994200371617 1 1 1 1 1 1 1 1 1 1 1 1 1 1 1
245 2940 -0.3618689517232335 -0.0025481945491421286 0.0025069347522005464 0.37797673868781845 1 1 1 1 1 1 1 1 1 1 1 1 1 1 1
246 2952 -0.3790611030848902 -0.008267235345800535 0.003612849919952601 0.3774986304852723 1 1 1 1 1 1 1 1 1 1 1 1 1 1 1
247 2964 -0.39080306952239546 -0.0002732916667912439 0.01439631548576391 0.37672609433618964 1 1 1 1 1 1 1 1 1 1 1 1 1 1 1
248 2976 -0.3966313540537124 -0.0050449819581391 2.011453602015217e-05 0.372278440195964 1 1 1 1 1 1 1 1 1 1 1 1 1 1 1
249 2988 -0.3967136046366508 -0.00015854961467123645 0.01088643521522497 0.37165791936194204 1 1 1 1 1 1 1 1 1 1 1 1 1 1 1
250 3000 -0.4027187691726867 -0.005049694940661225 0.0003553154936180662 0.38215494668445316 1 1 1 1 1 1 1 1 1 1 1 1 1 1 1
251 3012 -0.4122488728681464 -0.007207343108895177 0.0013848762010947916 0.40247864797029737 1 1 1 1 1 1 1 1 1 1 1 1 1 1 1
252 3024 -0.416366210787243 -0.006974954754945756 0.0066481680387290975 0.4214921002646425 1 1 1 1 1 1 1 1 1 1 1 1 1 1 1
253 3036 -0.4112986969414504 -0.010664879794621177 0.006986338124973434 0.4204614529291955 1 1 1 1 1 1 1 1 1 1 1 1 1 1 1
254 3048 -0.39969339580577756 -0.0012576159547405563 0.002826275015671774 0.41646832238958276 1 1 1 1 1 1 1 1 1 1 1 1 1 1 1
255 3060 -0.38829671112207437 -0.0015518966163312017 0.008321836864289688 0.4115304801143999 1 1 1 1 1 1 1 1 1 1 1 1 1 1 1
256 3072 -0.3839297749115955 -0.0034206750324420497 0.0013167149234057944 0.40931904970587074 1 1 1 1 1 1 1 1 1 1 1 1 1 1 1
257 3084 -0.38104405823552273 -0.006124884310838812 0.0005230880384744246 0.4112178294996822 1 1 1 1 1 1 1 1 1 1 1 1 1 1 1
258 3096 -0.3756228344746224 -0.0005737381312842392 0.0012806995898657853 0.4021690344114994 1 1 1 1 1 1 1 1 1 1 1 1 1 1 1
259 3108 -0.38338650282656717 -0.00131173819375763 0.0006813996949874266 0.40525658457185304 1 1 1 1 1 1 1 1 1 1 1 1 1 1 1
260 3120 -0.38578604182842374 -3.209429706107415e-05 0.00032844987633765985 0.40542924380535394 1 1 1 1 1 1 1 1 1 1 1 1 1 1 1
261 3132 -0.38060055011673133 -0.002994969548862654 0.0018604178459752678 0.41580285680296036 1 1 1 1 1 1 1 1 1 1 1 1 1 1 1
262 3144 -0.3792230597996287 -0.0021557077097241993 0.00024040191152886246 0.4196164361028205 1 1 1 1 1 1 1 1 1 1 1 1 1 1 1
263 3156 -0.38619775800786055 -0.005145250279242524 0.005731415360386121 0.4027006608218908 1 1 1 1 1 1 1 1 1 1 1 1 1 1 1
264 3168 -0.3896663868659523 -0.0009932925447157172 0.001123506189698074 0.3999283097261345 1 1 1 1 1 1 1 1 1 1 1 1 1 1 1
265 3180 -0.39345232203898184 -0.002270568045193739 0.00038230144502336916 0.41055536153254923 1 1 1 1 1 1 1 1 1 1 1 1 1 1 1
266 3192 -0.369543302725404 -0.0008950880956441208 0.0004943452700298534 0.42171759604483683 1 1 1 1 1 1 1 1 1 1 1 1 1 1 1
267 3204 -0.3781615797463061 -0.0012983030177652535 0.00015308404319897394 0.413112404119329 1 1 1 1 1 1 1 1 1 1 1 1 1 1 1
268 3216 -0.38252456021432785 -0.0047041511051706866 0.008286361926345288 0.40107653600139875 1 1 1 1 1 1 1 1 1 1 1 1 1 1 1
269 3228 -0.38161940631401614 -0.0026528679876764863 0.0021914710605279216 0.3996086982968602 1 1 1 1 1 1 1 1 1 1 1 1 1 1 1
270 3240 -0.37382427756721953 -0.0011932484335881123 0.008692892149141207 0.4075890074861414 1 1 1 1 1 1 1 1 1 1 1 1 1 1 1
271 3252 -0.3820889820585512 -0.00418716261852199 0.0017108215193041055 0.41588681627989393 1 1 1 1 1 1 1 1 1 1 1 1 1 1 1
272 3264 -0.3775095495023317 -0.002128862331848904 0.010557562917446943 0.4124575851604671 1 1 1 1 1 1 1 1 1 1 1 1 1 1 1
273 3276 -0.3734617583735414 -0.02104962355691648 0.002023156461103592 0.4130779553092149 1 1 1 1 1 1 1 1 1 1 1 1 1 1 1
274 3288 -0.36706999205258994 -0.011483793720772833 0.005901919392761329 0.4096508210041825 1 1 1 1 1 1 1 1 1 1 1 1 1 1 1
275 3300 -0.36783480340121966 -0.006416995925099382 0.004788785044524551 0.4183273864472745 1 1 1 1 1 1 1 1 1 1 1 1 1 1 1
276 3312 -0.3729880759961111 -0.002206923290840122 0.0020053282028947585 0.40688811023986327 1 1 1 1 1 1 1 1 1 1 1 1 1 1 1
277 3324 -0.3734838567015884 -0.00990128800706385 0.006175055384589753 0.41354996958254037 1 1 1 1 1 1 1 1 1 1 1 1 1 1 1
278 3336 -0.36991920076413 -0.010848269910554872 0.007740383457116886 0.41419413160336677 1 1 1 1 1 1 1 1 1 1 1 1 1 1 1
279 3348 -0.36562781227834995 -0.0014331090519178033 0.005351052981785899 0.4241057145151354 1 1 1 1 1 1 1 1 1 1 1 1 1 1 1
280 3360 -0.3666551458535184 -0.00547702487279409 0.0020055692386306855 0.4228487601960343 1 1 1 1 1 1 1 1 1 1 1 1 1 1 1
281 3372 -0.3659859158675962 -0.001459499180863551 0.0020975713598056387 0.419607950740304 1 1 1 1 1 1 1 1 1 1 1 1 1 1 1
282 3384 -0.374136420161338 -0.0010585679342602278 0.00022589254190150782 0.43004571530447794 1 1 1 1 1 1 1 1 1 1 1 1 1 1 1
283 3396 -0.3875573354275974 -0.0006416873271259934 0.00036572770127306456 0.4146581186122416 1 1 1 1 1 1 1 1 1 1 1 1 1 1 1
284 3408 -0.38829004895365365 -0.0038984257199429924 0.0023471388653551004 0.4028807640991796 1 1 1 1 1 1 1 1 1 1 1 1 1 1 1
285 3420 -0.38250033648721987 -0.009306004904244193 0.004596148512033352 0.40207654031105794 1 1 1 1 1 1 1 1 1 1 1 1 1 1 1
286 3432 -0.38527696012460994 -0.0025704572850295043 0.008230445533732268 0.4041452249596819 1 1 1 1 1 1 1 1 1 1 1 1 1 1 1
287 3444 -0.36991922877133715 -0.003411538734197038 4.744477433895708e-05 0.3953532618155531 1 1 1 1 1 1 1 1 1 1 1 1 1 1 1
288 3456 -0.37987427811963065 -0.010997283499780214 0.010084621705470323 0.3975510341090699 1 1 1 1 1 1 1 1 1 1 1 1 1 1 1
289 3468 -0.3883171849503628 -0.0009355722572761298 0.003121286417412022 0.3823149453988414 1 1 1 1 1 1 1 1 1 1 1 1 1 1 1
290 3480 -0.37689018348429215 -0.009509665892711223 0.0004486622037402007 0.37896598417243815 1 1 1 1 1 1 1 1 1 1 1 1 1 1 1
291 3492 -0.3882546547038148 -0.003852324838123348 0.002300893274226685 0.3913573905270968 1 1 1 1 1 1 1 1 1 1 1 1 1 1 1
292 3504 -0.3894977104321483 -0.0013522933894661246 0.000326486243702599 0.36823348204631734 1 1 1 1 1 1 1 1 1 1 1 1 1 1 1
293 3516 -0.393565190806937 -0.0019348590104876105 0.000380303376918718 0.37636657006895147 1 1 1 1 1 1 1 1 1 1 1 1 1 1 1
294 3528 -0.3794283087911303 -0.0036015130730568884 0.003994285472911686 0.35517202289261707 1 1 1 1 1 1 1 1 1 1 1 1 1 1 1
295 3540 -0.37552932282531554 -7.66546108698281e-05 0.010232693898536526 0.35596785402150255 1 1 1 1 1 1 1 1 1 1 1 1 1 1 1
296 3552 -0.3831324090948533 -0.0005299831615012944 0.000255483300341855 0.3724894448656124 1 1 1 1 1 1 1 1 1 1 1 1 1 1 1
297 3564 -0.378008526547128 -7.454218291496186e-05 0.0006630555507602513 0.38040837149092327 1 1 1 1 1 1 1 1 1 1 1 1 1 1 1
298 3576 -0.36643871310734893 -0.0014933540608208752 0.0006140453281986364 0.3824016406808814 1 1 1 1 1 1 1 1 1 1 1 1 1 1 1
299 3588 -0.3758715624060852 -0.0005691838092717667 0.008868629592836139 0.3855514177337323 1 1 1 1 1 1 1 1 1 1 1 1 1 1 1
300 3600 -0.36041885131098284 -0.003828161873958402 0.019555535058129 0.37036962604218326 1 1 1 1 1 1 1 1 1 1 1 1 1 1 1
301 3612 -0.365106718634303 -0.005866335831177421 0.00517245666032682 0.35992770945468716 1 1 1 1 1 1 1 1 1 1 1 1 1 1 1
302 3624 -0.3614079805337383 -0.001801232982843047 0.01441304068835733 0.35927150803475033 1 1 1 1 1 1 1 1 1 1 1 1 1 1 1
303 3636 -0.35998986038108727 -0.007766324773034149 0.006566157034904175 0.36382464303383405 1 1 1 1 1 1 1 1 1 1 1 1 1 1 1
304 3648 -0.3607751851990697 -0.0020142715529642887 0.000892882505959179 0.3669058847568402 1 1 1 1 1 1 1 1 1 1 1 1 1 1 1
305 3660 -0.3588289432596826 -0.0008060338401352635 0.0033393935720241537 0.36973372572767044 1 1 1 1 1 1 1 1 1 1 1 1 1 1 1
306 3672 -0.359283560208294 -0.001398753734395549 0.0006804968761477696 0.3876090126549585 1 1 1 1 1 1 1 1 1 1 1 1 1 1 1
307 3684 -0.37376114179173275 -0.00518278552487188 0.005347061391755703 0.40620811680538477 1 1 1 1 1 1 1 1 1 1 1 1 1 1 1
308 3696 -0.3636446175040761 -0.0016507107130069242 0.001219890820944542 0.40804138814534985 1 1 1 1 1 1 1 1 1 1 1 1 1 1 1
309 3708 -0.36601491642211376 -0.005052910184033071 0.0005201629662100852 0.40989660246126686 1 1 1 1 1 1 1 1 1 1 1 1 1 1 1
310 3720 -0.37537580449685726 -7.291280755361367e-05 0.0022705153481993616 0.403200693097552 1 1 1 1 1 1 1 1 1 1 1 1 1 1 1
311 3732 -0.36708789725919455 -0.001794847771558561 0.00038038942317765814 0.41480864028024433 1 1 1 1 1 1 1 1 1 1 1 1 1 1 1
312 3744 -0.36461473223211593 -0.008426628992635864 0.0003255123267796229 0.4028150358036313 1 1 1 1 1 1 1 1 1 1 1 1 1 1 1
313 3756 -0.3558860440415218 -0.009083082933784736 0.0017921662083617855 0.39334544787949477 1 1 1 1 1 1 1 1 1 1 1 1 1 1 1
314 3768 -0.3415660447610961 -0.005283736250813608 0.0005780851077135589 0.37828248781323676 1 1 1 1 1 1 1 1 1 1 1 1 1 1 1
315 3780 -0.3587804615543293 -0.004587701239194466 0.004243855267665062 0.3753535155412036 1 1 1 1 1 1 1 1 1 1 1 1 1 1 1
316 3792 -0.3554229754139131 -0.00031501946280751 0.0003646854846532984 0.3693410045684293 1 1 1 1 1 1 1 1 1 1 1 1 1 1 1
317 3804 -0.3518186503659239 -0.0006505385697239473 0.0033356100778295524 0.36336656880501533 1 1 1 1 1 1 1 1 1 1 1 1 1 1 1
318 3816 -0.34819446063656284 -0.0003421382521959772 0.002498268052416648 0.360899589917902 1 1 1 1 1 1 1 1 1 1 1 1 1 1 1
319 3828 -0.3405234890203257 -0.004151402064497937 0.003405240027460337 0.3527304307774048 1 1 1 1 1 1 1 1 1 1 1 1 1 1 1
320 3840 -0.3252962213060576 -0.0004542337351165946 0.0039634016126069566 0.3370647364369004 1 1 1 1 1 1 1 1 1 1 1 1 1 1 1
321 3852 -0.32793321560141164 -0.0022903066934942184 0.003846301058823247 0.3263899137248825 1 1 1 1 1 1 1 1 1 1 1 1 1 1 1
322 3864 -0.32294079470234305 -0.0015309381906396604 0.0049897640152489695 0.3247459654459502 1 1 1 1 1 1 1 1 1 1 1 1 1 1 1
323 3876 -0.31699562286264266 -0.0043164576407533455 0.002407551697158938 0.3163906843888645 1 1 1 1 1 1 1 1 1 1 1 1 1 1 1
324 3888 -0.30299339138495474 -0.0010706748516847702 0.005798871830089194 0.30882011574162305 1 1 1 1 1 1 1 1 1 1 1 1 1 1 1
325 3900 -0.29628234654638685 -0.004339656140171581 0.001233864228728628 0.31297169696488975 1 1 1 1 1 1 1 1 1 1 1 1 1 1 1
326 3912 -0.28032263563385373 -0.00044422720497292416 0.0005434367919371317 0.2906182152719066 1 1 1 1 1 1 1 1 1 1 1 1 1 1 1
327 3924 -0.2789324325394526 -0.0006181553990118468 0.001434761979554681 0.2926656106559676 1 1 1 1 1 1 1 1 1 1 1 1 1 1 1
328 3936 -0.2796072678702794 -0.0017003592705227143 0.002269961986472752 0.28608584127035 1 1 1 1 1 1 1 1 1 1 1 1 1 1 1
329 3948 -0.2837740280934119 -0.0016512916853130518 0.0016254818454098366 0.2679479322576962 1 1 1 1 1 1 1 1 1 1 1 1 1 1 1
330 3960 -0.2855171727359607 -0.013432129769593527 4.660909384165701e-05 0.2672109151918989 1 1 1 1 1 1 1 1 1 1 1 1 1 1 1
331 3972 -0.26819782281390425 -0.00045972904442640307 0.0010110228855289192 0.2752290111844285 1 1 1 1 1 1 1 1 1 1 1 1 1 1 1
332 3984 -0.264724768240007 -0.0022386534469675716 0.0026481664749720035 0.29622265360548855 1 1 1 1 1 1 1 1 1 1 1 1 1 1 1
333 3996 -0.2487245203224839 -0.00013731906202966578 0.005611393104501626 0.27860399878750813 1 1 1 1 1 1 1 1 1 1 1 1 1 1 1
334 4008 -0.24771396824994435 -5.445951570851697e-05 0.0007508808787784109 0.2670443070114517 1 1 1 1 1 1 1 1 1 1 1 1 1 1 1
335 4020 -0.24603795387424865 -0.004701508596694243 0.0025081006052290866 0.28568297831719497 1 1 1 1 1 1 1 1 1 1 1 1 1 1 1
336 4032 -0.24893178604761482 -0.0007300352734489178 0.0004395829057002958 0.2847549103220335 1 1 1 1 1 1 1 1 1 1 1 1 1 1 1
337 4044 -0.246208762214653 -0.0002073618202511003 0.006231348420904737 0.3053204178969233 1 1 1 1 1 1 1 1 1 1 1 1 1 1 1
338 4056 -0.24107039776123154 -0.006958637955140204 0.00034346468104365705 0.32002944825819485 1 1 1 1 1 1 1 1 1 1 1 1 1 1 1
339 4068 -0.2401607223980865 -0.0019816007875214513 0.0011348370320233285 0.3339688932507742 1 1 1 1 1 1 1 1 1 1 1 1 1 1 1
340 4080 -0.22560879333200476 -0.004326292903382633 0.016540104570053005 0.3353504765631737 1 1 1 1 1 1 1 1 1 1 1 1 1 1 1
341 4092 -0.2156237400672254 -0.0008173031203578423 0.0022826674350099672 0.3522762339109103 1 1 1 1 1 1 1 1 1 1 1 1 1 1 1
342 4104 -0.2099726098047152 -0.0028860869375017134 0.002171926188631758 0.34741293463507095 1 1 1 1 1 1 1 1 1 1 1 1 1 1 1
343 4116 -0.20333025623324374 -0.003543100661557352 0.0017623755745117188 0.34643338117094497 1 1 1 1 1 1 1 1 1 1 1 1 1 1 1
344 4128 -0.19251323453642433 -0.004626169685961193 0.0008445978934329429 0.34071013607146367 1 1 1 1 1 1 1 1 1 1 1 1 1 1 1
345 4140 -0.20267307807040116 -0.00022903778586207734 0.005484428710164789 0.34607225287289406 1 1 1 1 1 1 1 1 1 1 1 1 1 1 1
346 4152 -0.19168025971823544 -0.0015278762912320969 0.0017327991323519431 0.3810313962837127 1 1 1 1 1 1 1 1 1 1 1 1 1 1 1
347 4164 -0.21141454761763398 -0.002589306597498681 0.0002911952474524294 0.37930672255415837 1 1 1 1 1 1 1 1 1 1 1 1 1 1 1
348 4176 -0.20554870973013212 -0.007014492582289073 0.002962886165700508 0.3789334265496178 1 1 1 1 1 1 1 1 1 1 1 1 1 1 1
349 4188 -0.2018296148802441 -0.003561591247847942 0.0027447508189246987 0.38040911823363405 1 1 1 1 1 1 1 1 1 1 1 1 1 1 1
350 4200 -0.21436111333745236 -0.005769099148600775 0.0023876064587219402 0.38571616704809625 1 1 1 1 1 1 1 1 1 1 1 1 1 1 1
351 4212 -0.20117470655512637 -0.017290074596171108 0.0018734853252133806 0.376709103951088 1 1 1 1 1 1 1 1 1 1 1 1 1 1 1
352 4224 -0.21105950790450553 -0.010598261233899108 0.004267917052998931 0.38766395648638274 1 1 1 1 1 1 1 1 1 1 1 1 1 1 1
353 4236 -0.2313017397938025 -0.0026470231187499865 0.006101303452620728 0.3900847426687443 1 1 1 1 1 1 1 1 1 1 1 1 1 1 1
354 4248 -0.24105263728795884 -0.00568575897037989 0.0019117723410945668 0.37824086916154004 1 1 1 1 1 1 1 1 1 1 1 1 1 1 1
355 4260 -0.24726026597010672 -0.0015272499382475526 0.00412874592650095 0.3605207701292696 1 1 1 1 1 1 1 1 1 1 1 1 1 1 1
356 4272 -0.24852393561388372 -0.00045196115183399293 0.0007948249399980933 0.3578310953947647 1 1 1 1 1 1 1 1 1 1 1 1 1 1 1
357 4284 -0.25285003568148234 -0.0028913455573254753 0.0011546044287526224 0.37070516775003803 1 1 1 1 1 1 1 1 1 1 1 1 1 1 1
358 4296 -0.2418575674833633 -0.003413164453163271 0.0049197041917879054 0.3828666484231908 1 1 1 1 1 1 1 1 1 1 1 1 1 1 1
359 4308 -0.23673224912472107 -0.009891189051439115 0.0015232194769942854 0.3845990867073127 1 1 1 1 1 1 1 1 1 1 1 1 1 1 1
360 4320 -0.21360704190328256 -0.0016492649472999454 0.003934725386509077 0.3879082591204267 1 1 1 1 1 1 1 1 1 1 1 1 1 1 1
361 4332 -0.20361796846038765 -0.004149583487799377 0.002335443296970357 0.375977373622974 1 1 1 1 1 1 1 1 1 1 1 1 1 1 1
362 4344 -0.20642909283942706 -0.0006031972246639892 1.7123842023765304e-05 0.38255498094423446 1 1 1 1 1 1 1 1 1 1 1 1 1 1 1
363 4356 -0.20206733791331755 -0.001497626135554773 0.0012620904581884464 0.3702316998764626 1 1 1 1 1 1 1 1 1 1 1 1 1 1 1
364 4368 -0.2009837156171364 -0.0038879799184501603 0.009992939833422969 0.35373926085247126 1 1 1 1 1 1 1 1 1 1 1 1 1 1 1
365 4380 -0.1954144687106965 -0.0015681936791776896 0.003645668663579028 0.344104336748683 1 1 1 1 1 1 1 1 1 1 1 1 1 1 1
366 4392 -0.1842027500939761 -0.005007557957777575 0.0010795881026938845 0.3382439986744283 1 1 1 1 1 1 1 1 1 1 1 1 1 1 1
367 4404 -0.18941247932842037 -0.007702716758479131 0.0006334268007406852 0.3389554337729358 1 1 1 1 1 1 1 1 1 1 1 1 1 1 1
368 4416 -0.19880287893662207 -0.0038115229277904377 0.009128878115320885 0.34287010995615025 1 1 1 1 1 1 1 1 1 1 1 1 1 1 1
369 4428 -0.20323586223628146 -0.0005312604244002034 0.008192612166946552 0.3537975544271018 1 1 1 1 1 1 1 1 1 1 1 1 1 1 1
370 4440 -0.19392392927432453 -0.004074331261527036 0.005450599423132217 0.34405377022765055 1 1 1 1 1 1 1 1 1 1 1 1 1 1 1
371 4452 -0.20132963593318662 -0.0007518034024531174 0.0020235735727003414 0.32072194098545603 1 1 1 1 1 1 1 1 1 1 1 1 1 1 1
372 4464 -0.20695135602880727 -0.003966218116004936 0.0027430579915694985 0.3088696537192414 1 1 1 1 1 1 1 1 1 1 1 1 1 1 1
373 4476 -0.2281246418060022 -0.005170334032486471 0.0032979861858500716 0.3200330833906187 1 1 1 1 1 1 1 1 1 1 1 1 1 1 1
374 4488 -0.23808220030998387 -0.0011485265312479159 0.010365410411817669 0.3122297878080187 1 1 1 1 1 1 1 1 1 1 1 1 1 1 1
375 4500 -0.24611765177892703 -0.0013185842005876405 0.012567371155791752 0.28599900702404857 1 1 1 1 1 1 1 1 1 1 1 1 1 1 1
376 4512 -0.2450019979405235 -0.0029279499348359656 0.0003011861089488408 0.29246828571617345 1 1 1 1 1 1 1 1 1 1 1 1 1 1 1
377 4524 -0.2689847272369581 -0.0037607074414037493 0.00399685207734825 0.29804591148644793 1 1 1 1 1 1 1 1 1 1 1 1 1 1 1
378 4536 -0.259398849221687 -0.007586342771429223 0.002884892588224179 0.29219411204279294 1 1 1 1 1 1 1 1 1 1 1 1 1 1 1
379 4548 -0.2648227677476974 -0.00969393756776668 0.001068697525157384 0.2868993450447381 1 1 1 1 1 1 1 1 1 1 1 1 1 1 1
380 4560 -0.24625311829350507 -0.0018538395521811013 0.002039652722312223 0.2658745722853952 1 1 1 1 1 1 1 1 1 1 1 1 1 1 1
381 4572 -0.24228227159705493 -0.002807136085055166 0.0031340767637196717 0.25111433205796346 1 1 1 1 1 1 1 1 1 1 1 1 1 1 1
382 4584 -0.25911187237063893 -0.004790540182299329 0.0003935748664666497 0.23744352222407228 1 1 1 1 1 1 1 1 1 1 1 1 1 1 1
383 4596 -0.2626752624099317 -0.00039286406766123646 0.000376946976328347 0.2358194618448519 1 1 1 1 1 1 1 1 1 1 1 1 1 1 1
384 4608 -0.26041091637907837 -0.001765228490483034 0.0017468742749191205 0.2142893596795864 1 1 1 1 1 1 1 1 1 1 1 1 1 1 1
385 4620 -0.25670212079357907 -0.0002815041948683629 0.0011352380280725625 0.2286137420631932 1 1 1 1 1 1 1 1 1 1 1 1 1 1 1
386 4632 -0.26454655714231035 -0.001243995040210694 0.00020285440633470168 0.23259673550939367 1 1 1 1 1 1 1 1 1 1 1 1 1 1 1
387 4644 -0.26316046820118716 -0.0025327925021974753 0.0009310840382967447 0.22872776624941307 1 1 1 1 1 1 1 1 1 1 1 1 1 1 1
388 4656 -0.27465413553599094 -0.003046606536280216 0.0010019461926408686 0.23618160633331473 1 1 1 1 1 1 1 1 1 1 1 1 1 1 1
389 4668 -0.27651209994536147 -4.7927607638518736e-05 2.482714837343343e-05 0.23715858709005036 1 1 1 1 1 1 1 1 1 1 1 1 1 1 1
390 4680 -0.2683317915603862 -0.0010993463259787637 0.0009877693859449673 0.24939017131999816 1 1 1 1 1 1 1 1 1 1 1 1 1 1 1
391 4692 -0.2661062759320229 -0.0022075109244581053 0.0003052675693297185 0.23539512707843505 1 1 1 1 1 1 1 1 1 1 1 1 1 1 1
392 4704 -0.2681182435562693 -0.004560727884732159 0.0008025995854534251 0.22681372957815912 1 1 1 1 1 1 1 1 1 1 1 1 1 1 1
393 4716 -0.2561503815878816 -0.0014911275024375513 0.00046876334856750225 0.25151258042425806 1 1 1 1 1 1 1 1 1 1 1 1 1 1 1
394 4728 -0.24648914192390914 -0.0023735530617104137 0.002160671887811112 0.22887840780324345 1 1 1 1 1 1 1 1 1 1 1 1 1 1 1
395 4740 -0.2520100584761905 -0.007979472764959259 0.000609172831121641 0.24324584956590192 1 1 1 1 1 1 1 1 1 1 1 1 1 1 1
396 4752 -0.249016762779088 -0.002258281941062311 0.01758329674659785 0.22908819913528689 1 1 1 1 1 1 1 1 1 1 1 1 1 1 1
397 4764 -0.24172545086550212 -0.00010190464610407059 0.008565148418991201 0.22237177223805157 1 1 1 1 1 1 1 1 1 1 1 1 1 1 1
398 4776 -0.24475683412792185 -0.0022953868724381126 0.006387676850519845 0.22125734122785692 1 1 1 1 1 1 1 1 1 1 1 1 1 1 1
399 4788 -0.24256119552578223 -0.00015323535233188152 0.0060975952797865645 0.21631780331872025 1 1 1 1 1 1 1 1 1 1 1 1 1 1 1
400 4800 -0.23826633977432712 -0.0012535678724386232 0.0026870696715958625 0.21345507230884792 1 1 1 1 1 1 1 1 1 1 1 1 1 1 1
401 4812 -0.2287297003189908 -0.0035346211833532123 0.0005445288290187803 0.21798014341651928 1 1 1 1 1 1 1 1 1 1 1 1 1 1 1
402 4824 -0.22493729439199184 -0.000719446596438143 0.003052029888014898 0.21539451166790893 1 1 1 1 1 1 1 1 1 1 1 1 1 1 1
403 4836 -0.19851894169449516 -0.004925099542923597 0.0010754083361540151 0.23438986414996874 1 1 1 1 1 1 1 1 1 1 1 1 1 1 1
404 4848 -0.2036728774558885 -0.0016205933628793486 0.001306056794395904 0.24867088749641453 1 1 1 1 1 1 1 1 1 1 1 1 1 1 1
405 4860 -0.2045305668230513 -0.0020837544691200346 0.0013326502877087539 0.23451217840553457 1 1 1 1 1 1 1 1 1 1 1 1 1 1 1
406 4872 -0.19602237281108034 -0.00527967283040985 0.0009446267295303739 0.22838748739375928 1 1 1 1 1 1 1 1 1 1 1 1 1 1 1
407 4884 -0.16896675573799463 -0.008191831162579113 0.0075060188024227 0.2239127337515726 1 1 1 1 1 1 1 1 1 1 1 1 1 1 1
408 4896 -0.1758743034466358 -0.009111635162368592 0.0024302197108529203 0.2219930748967698 1 1 1 1 1 1 1 1 1 1 1 1 1 1 1
409 4908 -0.17348058649347883 -0.005559016322325425 0.0008207598045899873 0.2171636557755598 1 1 1 1 1 1 1 1 1 1 1 1 1 1 1
410 4920 -0.17951936523807663 -0.0018230513337107567 2.9080425995962466e-05 0.21916632840339376 1 1 1 1 1 1 1 1 1 1 1 1 1 1 1
411 4932 -0.1814380220410048 -0.0013365935638461883 0.0002594815897731064 0.21785075961456438 1 1 1 1 1 1 1 1 1 1 1 1 1 1 1
412 4944 -0.1647046442365942 -0.004750806984744193 0.0007981362562924746 0.22677562937811102 1 1 1 1 1 1 1 1 1 1 1 1 1 1 1
413 4956 -0.1712760074242397 -0.0014320671299261432 0.0006053870615315328 0.2282274970143379 1 1 1 1 1 1 1 1 1 1 1 1 1 1 1
414 4968 -0.1706046931860085 -0.00234042705760852 0.0014468006032022187 0.22059561579176068 1 1 1 1 1 1 1 1 1 1 1 1 1 1 1
415 4980 -0.18031037149447038 -0.008696504942497504 0.00338289386234354 0.21801994990206985 1 1 1 1 1 1 1 1 1 1 1 1 1 1 1
416 4992 -0.1991131708967485 -0.00843679610596637 0.0010836732203659007 0.21936736199777468 1 1 1 1 1 1 1 1 1 1 1 1 1 1 1
417 5004 -0.19679453042191813 -0.0014477544591070626 0.0007346554553958363 0.21500690662645514 1 1 1 1 1 1 1 1 1 1 1 1 1 1 1
418 5016 -0.20958614531323663 -0.0005443708863567435 0.001646581515054392 0.21374941548289836 1 1 1 1 1 1 1 1 1 1 1 1 1 1 1
419 5028 -0.20875606733885776 -0.0004747131248566009 0.004044040971807675 0.22059652275409858 1 1 1 1 1 1 1 1 1 1 1 1 1 1 1
420 5040 -0.19878772593219673 -0.010727757010001214 0.00016160677706966877 0.2149448083123014 1 1 1 1 1 1 1 1 1 1 1 1 1 1 1
421 5052 -0.19528905994849777 -0.0018557122752104536 2.2782526056272185e-05 0.22590821600757516 1 1 1 1 1 1 1 1 1 1 1 1 1 1 1
422 5064 -0.21405578138838854 -0.002531813870571203 5.466266914675163e-05 0.22645269394770048 1 1 1 1 1 1 1 1 1 1 1 1 1 1 1
423 5076 -0.22191709745469726 -0.0033395049308743287 0.0020539606656409027 0.2188730561693304 1 1 1 1 1 1 1 1 1 1 1 1 1 1 1
424 5088 -0.21964128592022925 -0.006125074501261381 8.035710442786599e-05 0.2039053007000204 1 1 1 1 1 1 1 1 1 1 1 1 1 1 1
425 5100 -0.21065424561822796 -0.001249929471694616 0.002640430690125567 0.20544603921338253 1 1 1 1 1 1 1 1 1 1 1 1 1 1 1
426 5112 -0.2135052851929689 -0.001011848084889226 2.3021021283940466e-05 0.21121809174583916 1 1 1 1 1 1 1 1 1 1 1 1 1 1 1
427 5124 -0.2325791000495127 -0.0010781249962214345 0.00048424961296207413 0.21806905925379752 1 1 1 1 1 1 1 1 1 1 1 1 1 1 1
428 5136 -0.21960117471301116 -0.0008563777454918403 0.00834732655640417 0.21648028343989426 1 1 1 1 1 1 1 1 1 1 1 1 1 1 1
429 5148 -0.20805906867458768 -0.001799841839528312 0.00892879476149616 0.22073263894134953 1 1 1 1 1 1 1 1 1 1 1 1 1 1 1
430 5160 -0.20756591791684495 -0.00288617098157133 0.0006867735949574133 0.20898506173197506 1 1 1 1 1 1 1 1 1 1 1 1 1 1 1
431 5172 -0.21926880536240437 -0.0022796437528156462 0.0006412224809750212 0.20932368349245048 1 1 1 1 1 1 1 1 1 1 1 1 1 1 1
432 5184 -0.20545554663964788 -0.0018572529978165327 0.00024793489154865955 0.21967431220657185 1 1 1 1 1 1 1 1 1 1 1 1 1 1 1
433 5196 -0.20760806989499314 -0.0028649800562502744 0.000639716367419785 0.22731734585759647 1 1 1 1 1 1 1 1 1 1 1 1 1 1 1
434 5208 -0.20828454758666493 -0.0019572327448985957 0.000210283047518966 0.21006272796104028 1 1 1 1 1 1 1 1 1 1 1 1 1 1 1
435 5220 -0.20240315982899823 -0.0007746447801091623 0.004897182520477277 0.2049173327387741 1 1 1 1 1 1 1 1 1 1 1 1 1 1 1
436 5232 -0.1843208529925539 -0.0007658504014895145 0.001124911184029638 0.2106063342176447 1 1 1 1 1 1 1 1 1 1 1 1 1 1 1
437 5244 -0.1853168469570208 -0.002468394534066126 0.002055709426180107 0.22247843604751363 1 1 1 1 1 1 1 1 1 1 1 1 1 1 1
438 5256 -0.18929813053259262 -0.0028910772341300068 0.0004610532516137852 0.2194766901943039 1 1 1 1 1 1 1 1 1 1 1 1 1 1 1
439 5268 -0.1914713690245073 -0.004513527607765541 0.00011274897639634966 0.2420941176306431 1 1 1 1 1 1 1 1 1 1 1 1 1 1 1
440 5280 -0.20312555931333276 -0.0025843091773874328 0.0012216739823041856 0.23986854474248648 1 1 1 1 1 1 1 1 1 1 1 1 1 1 1
441 5292 -0.19536742611072636 -0.003320334706769948 0.0015052114105261665 0.23368836021944075 1 1 1 1 1 1 1 1 1 1 1 1 1 1 1
442 5304 -0.18534420439315255 -0.0009986400069944969 0.0006500103624132985 0.23679717428941144 1 1 1 1 1 1 1 1 1 1 1 1 1 1 1
443 5316 -0.2132712009467579 -0.0013646932606439322 0.0007830613530405792 0.23260632803121067 1 1 1 1 1 1 1 1 1 1 1 1 1 1 1
444 5328 -0.22855573431567877 -0.0006225853717065371 0.0005917129730901427 0.22240874023283774 1 1 1 1 1 1 1 1 1 1 1 1 1 1 1
445 5340 -0.21470122112337395 -0.0050129768429647325 0.0005634072576879221 0.2273202477381049 1 1 1 1 1 1 1 1 1 1 1 1 1 1 1
446 5352 -0.1879526627882028 -7.637517187505786e-05 0.002253418558638101 0.23604278197885953 1 1 1 1 1 1 1 1 1 1 1 1 1 1 1
447 5364 -0.19393564033878022 -0.0017401836162628137 0.0021618229215095756 0.23216026069917925 1 1 1 1 1 1 1 1 1 1 1 1 1 1 1
448 5376 -0.19923714938097273 -0.00017135869413575051 0.00035706375070389783 0.2343094175357439 1 1 1 1 1 1 1 1 1 1 1 1 1 1 1
449 5388 -0.2082333701338642 -0.001371935442713364 0.003343477756945525 0.26954804269039545 1 1 1 1 1 1 1 1 1 1 1 1 1 1 1
450 5400 -0.2099134243892047 -0.003570837085472938 0.003471312553005792 0.2986161709868457 1 1 1 1 1 1 1 1 1 1 1 1 1 1 1
451 5412 -0.20919492904898582 -0.0021371646993951967 0.002349297092930209 0.29839820218025964 1 1 1 1 1 1 1 1 1 1 1 1 1 1 1
452 5424 -0.21310920770659222 -0.000535074424467073 0.0004485418932797788 0.2969558918800954 1 1 1 1 1 1 1 1 1 1 1 1 1 1 1
453 5436 -0.19669860861569471 -0.002056006778446216 5.47800098038948e-05 0.3017414596023023 1 1 1 1 1 1 1 1 1 1 1 1 1 1 1
454 5448 -0.21286328845042202 -0.0001623847013419627 0.001751225603463665 0.3213788599520265 1 1 1 1 1 1 1 1 1 1 1 1 1 1 1
455 5460 -0.21913275218903774 -0.0017087144333791256 5.105452304215401e-05 0.3315860954099773 1 1 1 1 1 1 1 1 1 1 1 1 1 1 1
456 5472 -0.21919675489450077 -0.002161390859216188 0.0020674094330127603 0.32653114123003574 1 1 1 1 1 1 1 1 1 1 1 1 1 1 1
457 5484 -0.22411536909946245 -0.003084515974198141 0.0008558452147858867 0.3086052276559476 1 1 1 1 1 1 1 1 1 1 1 1 1 1 1
458 5496 -0.21205343749133243 -0.004116318312991095 0.001676423811852885 0.3085198588310889 1 1 1 1 1 1 1 1 1 1 1 1 1 1 1
459 5508 -0.2223349848975322 -0.010510685216554893 0.002615421707227375 0.31990329317905725 1 1 1 1 1 1 1 1 1 1 1 1 1 1 1
460 5520 -0.2255368423682191 -0.003929638864244235 0.0008282648579769345 0.3270722661232534 1 1 1 1 1 1 1 1 1 1 1 1 1 1 1
461 5532 -0.22956819215913607 -0.007411026355236962 0.0007929646326078153 0.3452131220317517 1 1 1 1 1 1 1 1 1 1 1 1 1 1 1
462 5544 -0.23856895731045138 -0.0014143869843764075 0.00041841660390165927 0.3343161535989564 1 1 1 1 1 1 1 1 1 1 1 1 1 1 1
463 5556 -0.2297292270125847 -0.0034913792424766253 0.0010871586314142234 0.34452879883511744 1 1 1 1 1 1 1 1 1 1 1 1 1 1 1
464 5568 -0.21153096802315122 -0.00513495984898223 0.002560196242237071 0.3423994330192141 1 1 1 1 1 1 1 1 1 1 1 1 1 1 1
465 5580 -0.21852096675612406 -0.003013855117528415 0.002399042235651557 0.3238362596106593 1 1 1 1 1 1 1 1 1 1 1 1 1 1 1
466 5592 -0.19957089370174677 -6.568419861177057e-05 0.0044940004067781005 0.32916621304758237 1 1 1 1 1 1 1 1 1 1 1 1 1 1 1
467 5604 -0.21796193117497092 -0.002686238714216165 0.0008220630396106951 0.3274620323787094 1 1 1 1 1 1 1 1 1 1 1 1 1 1 1
468 5616 -0.20901448760000824 -0.0030472428588935218 0.0011717564378422715 0.31524272532568937 1 1 1 1 1 1 1 1 1 1 1 1 1 1 1
469 5628 -0.20153314654566296 -0.0018140579434731058 0.0035867319900688196 0.30516897816371613 1 1 1 1 1 1 1 1 1 1 1 1 1 1 1
470 5640 -0.20251867730667436 -0.0005706863484826187 0.0032857997618560746 0.29763138008144896 1 1 1 1 1 1 1 1 1 1 1 1 1 1 1
471 5652 -0.23000106009701327 -0.00012173266042410496 0.0028985307925611698 0.29233526795436937 1 1 1 1 1 1 1 1 1 1 1 1 1 1 1
472 5664 -0.24873196371644513 -0.002327312820989013 0.00018653526924296496 0.28981993077710794 1 1 1 1 1 1 1 1 1 1 1 1 1 1 1
473 5676 -0.25532008445245463 -0.0026257605172806094 0.0020908444059273864 0.26927443214900837 1 1 1 1 1 1 1 1 1 1 1 1 1 1 1
474 5688 -0.26516012486889723 -0.005504351102596821 0.010118156968066939 0.2570698624513625 1 1 1 1 1 1 1 1 1 1 1 1 1 1 1
475 5700 -0.27067059709411295 -0.0006672114314938438 0.0016426339363130869 0.2542782426408627 1 1 1 1 1 1 1 1 1 1 1 1 1 1 1
476 5712 -0.2814691157999557 -0.0007905447201585956 0.0012819718072681048 0.2522605218174408 1 1 1 1 1 1 1 1 1 1 1 1 1 1 1
477 5724 -0.2840484460604872 -0.0006652152017668642 0.0018132677574526134 0.25679895133061315 1 1 1 1 1 1 1 1 1 1 1 1 1 1 1
478 5736 -0.2836435261857375 -0.00012506304321029105 0.0016006316804193384 0.2546197670933952 1 1 1 1 1 1 1 1 1 1 1 1 1 1 1
479 5748 -0.29037006961361017 -0.000597955954066999 0.0011953908948596423 0.2565890225770923 1 1 1 1 1 1 1 1 1 1 1 1 1 1 1
480 5760 -0.3228278925675435 -0.00035398993347999857 0.0007680523515062078 0.2645798324727415 1 1 1 1 1 1 1 1 1 1 1 1 1 1 1
481 5772 -0.34151265937490277 -0.0010418182171675998 0.0010172425479271214 0.23175187679677295 1 1 1 1 1 1 1 1 1 1 1 1 1 1 1
482 5784 -0.35227054072024916 -0.0025749461277083012 0.0006120591529967461 0.22515524546816007 1 1 1 1 1 1 1 1 1 1 1 1 1 1 1
483 5796 -0.31705732801445924 -0.0001469594020284517 0.0015147753448056737 0.23194864479570093 1 1 1 1 1 1 1 1 1 1 1 1 1 1 1
484 5808 -0.29913197576873446 -0.0016572745473717341 0.00018470817582349816 0.22160906822441456 1 1 1 1 1 1 1 1 1 1 1 1 1 1 1
485 5820 -0.29022888308935035 -0.0006005629567263866 0.0011020469773290768 0.2096990237587 1 1 1 1 1 1 1 1 1 1 1 1 1 1 1
486 5832 -0.2985857902767755 -0.0007004632260958998 0.0007340808241452204 0.18115720936476398 1 1 1 1 1 1 1 1 1 1 1 1 1 1 1
487 5844 -0.30007572196653454 -8.577142456878858e-06 0.0006031177983364614 0.19017634860069468 1 1 1 1 1 1 1 1 1 1 1 1 1 1 1
488 5856 -0.2898507783361858 -0.003218303289496827 0.0003768745114772949 0.17162446460937356 1 1 1 1 1 1 1 1 1 1 1 1 1 1 1
489 5868 -0.2961074275470323 -6.578192517384977e-05 0.003558472639501653 0.19742827935510393 1 1 1 1 1 1 1 1 1 1 1 1 1 1 1
490 5880 -0.2661235247210963 -0.0006609890725545905 0.00027761506468266075 0.19940241247923812 1 1 1 1 1 1 1 1 1 1 1 1 1 1 1
491 5892 -0.26784334393039994 -0.004166432050182881 0.0016842823987213847 0.19550321408504784 1 1 1 1 1 1 1 1 1 1 1 1 1 1 1
492 5904 -0.2625732206786092 -0.0019886768628664658 0.004121949502367942 0.19598337432099575 1 1 1 1 1 1 1 1 1 1 1 1 1 1 1
493 5916 -0.2648620366374426 -0.0063624296467936214 0.0018697943085935543 0.20646335807822433 1 1 1 1 1 1 1 1 1 1 1 1 1 1 1
494 5928 -0.28035760843135993 -0.0059302521932361185 0.00023316913920133452 0.19751349032333404 1 1 1 1 1 1 1 1 1 1 1 1 1 1 1
495 5940 -0.2869980705892262 -0.0035708114759511514 0.0018443236924722754 0.1848265585364868 1 1 1 1 1 1 1 1 1 1 1 1 1 1 1
496 5952 -0.2720479616234202 -0.0011106396482652504 0.0012254153901521865 0.1849588323106731 1 1 1 1 1 1 1 1 1 1 1 1 1 1 1
497 5964 -0.2792200860067899 -0.007153944497890552 0.001598252722419998 0.19957212685973127 1 1 1 1 1 1 1 1 1 1 1 1 1 1 1
498 5976 -0.28487700596627474 -0.0005514316554060086 0.002594208423497297 0.19289177118816678 1 1 1 1 1 1 1 1 1 1 1 1 1 1 1
499 5988 -0.2748560484297078 -0.004616273644435656 0.008805960706821395 0.1834671477304955 1 1 1 1 1 1 1 1 1 1 1 1 1 1 1
500 6000 -0.26964109637048933 -0.0006062108339752285 0.002984925767687353 0.1850011870906119 1 1 1 1 1 1 1 1 1 1 1 1 1 1 1
501 6012 -0.2636761590021364 -0.000343051119282255 0.0003934292089677049 0.18319364378532216 1 1 1 1 1 1 1 1 1 1 1 1 1 1 1
502 6024 -0.27423127183330365 -0.00193197934382757 0.0012586460644763997 0.1899629088402409 1 1 1 1 1 1 1 1 1 1 1 1 1 1 1
503 6036 -0.24698150845656217 -0.0074488100651000505 0.000586388110385423 0.20487200003247108 1 1 1 1 1 1 1 1 1 1 1 1 1 1 1
504 6048 -0.2535290505708067 -0.0007527460753968979 0.0066413278517674255 0.21024949711334392 1 1 1 1 1 1 1 1 1 1 1 1 1 1 1
505 6060 -0.2650211887192481 -0.009170970082107136 0.0013270792846222443 0.21262039868309873 1 1 1 1 1 1 1 1 1 1 1 1 1 1 1
506 6072 -0.25667798190415475 -0.0019177798035506142 4.656731389110448e-05 0.2192474319846821 1 1 1 1 1 1 1 1 1 1 1 1 1 1 1
507 6084 -0.26360354115630036 -0.0003259598720850554 0.000863098977695813 0.23517384293028254 1 1 1 1 1 1 1 1 1 1 1 1 1 1 1
508 6096 -0.28055729798406137 -0.000991380440354643 0.002524317182194579 0.20250743196595836 1 1 1 1 1 1 1 1 1 1 1 1 1 1 1
509 6108 -0.28635689093319694 -0.0028842194687451507 0.0002633511361110149 0.2034838568197507 1 1 1 1 1 1 1 1 1 1 1 1 1 1 1
510 6120 -0.3083314134123873 -0.0021249267301465943 0.0006191756458661739 0.1936278938865504 1 1 1 1 1 1 1 1 1 1 1 1 1 1 1
511 6132 -0.31652515682033444 -0.0006057074985407351 1.758330354429693e-05 0.1834411024839515 1 1 1 1 1 1 1 1 1 1 1 1 1 1 1
512 6144 -0.3199403098917915 -0.0013174619788534326 0.000863234728260912 0.18843195969989449 1 1 1 1 1 1 1 1 1 1 1 1 1 1 1
513 6156 -0.3294657327768741 -0.0037497584821101827 0.001820739099939902 0.1704132551149954 1 1 1 1 1 1 1 1 1 1 1 1 1 1 1
514 6168 -0.33679169729169356 -0.0005604399171318522 0.0012539062880819862 0.16957616163612108 1 1 1 1 1 1 1 1 1 1 1 1 1 1 1
515 6180 -0.34780401833712743 -0.0012814637415068655 0.001696250704824419 0.1797207691046515 1 1 1 1 1 1 1 1 1 1 1 1 1 1 1
516 6192 -0.343571266786809 -0.0011485038680779211 0.0012153504521118103 0.18349504035034556 1 1 1 1 1 1 1 1 1 1 1 1 1 1 1
517 6204 -0.3480966435911366 -0.000889202966310667 0.002805904404124836 0.20043490324542393 1 1 1 1 1 1 1 1 1 1 1 1 1 1 1
518 6216 -0.35515017807426735 -0.0038388768574970445 0.006756846436395748 0.20621186228113927 1 1 1 1 1 1 1 1 1 1 1 1 1 1 1
519 6228 -0.35836408531085456 -0.0008121108512630991 0.0013817843167097882 0.21755564428768837 1 1 1 1 1 1 1 1 1 1 1 1 1 1 1
520 6240 -0.361241428980341 -0.0014774725570067047 0.0005912846539580215 0.21074675302645723 1 1 1 1 1 1 1 1 1 1 1 1 1 1 1
521 6252 -0.3647874091563084 -0.0013296952679204771 9.647768468361699e-05 0.21612032573967271 1 1 1 1 1 1 1 1 1 1 1 1 1 1 1
522 6264 -0.33400272612174214 -0.0029721648762102387 0.0002921655390270604 0.22803737365403584 1 1 1 1 1 1 1 1 1 1 1 1 1 1 1
522 6264 -0.33400272612174214 -0.0029721648762102387 0.0002921655390270604 0.22803737365403584 1 1 1 1 1 1 1 1 1 1 1 1 1 1 1
