% # columns="iteration, evaluation, sigma, axis ratio, bestever, best, median, worst objective function value, further objective values of best", seed=136099, Fri Jul 29 16:46:10 2022, <python>{}</python>
1 12 0.9780286068683107 1.0000466677555726 6246.112275570499 6.2461122755704992e+03 1331784.4679153352 10303858.871909026   
2 24 0.9609377829076297 1.1476766145503372 73.08407146757823 7.3084071467578227e+01 243307.10725799858 1985575.349170027   
3 36 0.9737091204330316 1.1706675941446678 73.08407146757823 2.8259511555554664e+03 534903.4813817488 11068416.81028614   
4 48 1.0293758137795843 1.2587958833251993 73.08407146757823 2.0276048116341895e+04 884446.0167616103 2134504.4044358507   
5 60 1.1282111026977324 1.3502783063579475 73.08407146757823 1.8104622590905797e+03 1936346.288959894 4539849.822832768   
6 72 1.1350902813794315 1.4685572753102967 73.08407146757823 2.4790738269834534e+02 485803.08421259385 4028100.992308576   
7 84 1.1628226950680571 1.5405831563214545 73.08407146757823 2.5904407501871607e+04 540045.5879609714 5984002.938015844   
8 96 1.2031110656656951 1.670985180580224 73.08407146757823 7.9917381049382166e+03 98839.95694836194 4853830.6108524315   
9 108 1.2718090563003281 1.74535197171264 73.08407146757823 3.1361048939472444e+03 442860.3847605521 3524881.6047716327   
10 120 1.2972657080287573 1.8007673371810538 73.08407146757823 2.0097611716927306e+04 263657.61300306657 4644822.409578107   
11 132 1.2916575823043503 1.8550719583287207 73.08407146757823 1.4422682865620357e+03 510002.41328910924 2663477.1593707106   
12 144 1.286185435267272 1.8953509236063546 73.08407146757823 9.1613554042447717e+01 779258.91682196 5374549.541656499   
13 156 1.2141667007219266 1.966309153438928 73.08407146757823 2.1332356105249786e+04 438215.5541914545 2676870.5275897584   
14 168 1.1833138625524677 2.0444237965530845 73.08407146757823 3.9922751208766764e+04 692780.2312547213 1992934.1613904636   
15 180 1.1433993640570976 2.0980365460797343 73.08407146757823 1.2245885896456359e+04 143765.26895689435 2605146.0324990875   
16 192 1.1538684705279252 2.1577237151004103 73.08407146757823 2.9640368537039985e+03 404458.98013991583 1914969.8653591769   
17 204 1.2016598008953328 2.225160417565528 73.08407146757823 2.0043560871384048e+04 351345.28159045416 3778464.95840144   
18 216 1.172683744005841 2.3779036277790078 73.08407146757823 1.4643077742373609e+02 65992.82010063613 2840580.8042086926   
19 228 1.110217388879168 2.429000081498984 73.08407146757823 1.2045192253567234e+02 455554.1332041041 3224367.5555484244   
20 240 1.107552251086437 2.4874047459596844 73.08407146757823 6.2395026888317252e+03 145153.5754799988 1211364.0073998033   
21 252 1.12406653382912 2.5617360910446485 73.08407146757823 4.6487261834219244e+03 129110.78464823686 1287226.67699994   
22 264 1.2124986507547415 2.694212367883658 73.08407146757823 2.8422880142113481e+04 172496.823409557 2906191.3329652115   
23 276 1.3449090215772788 2.7817407938713616 73.08407146757823 2.9700514414696067e+03 176174.58140915533 1014089.5056764588   
24 288 1.4300505351683217 2.89975763931233 73.08407146757823 4.3444487261407949e+02 627585.1046882597 2522304.091791665   
25 300 1.5036129378649652 3.053888711564463 73.08407146757823 2.8604126330999879e+04 372625.0947704292 2641396.9451440107   
26 312 1.4949103175275888 3.1316465848136747 73.08407146757823 4.7297854260074000e+03 209353.90940870866 2261784.735409022   
27 324 1.5405246050731904 3.2493219840658654 73.08407146757823 4.3935753827495164e+03 298151.6365627398 3650535.7162955888   
28 336 1.585132929101635 3.426591568345875 73.08407146757823 2.3570084515657243e+02 984489.4531981038 3367501.1015551668   
29 348 1.6157071101197216 3.598483421078962 73.08407146757823 6.5575002503961387e+03 741269.5484134787 3166307.1589335366   
30 360 1.5916124160002127 3.7362579697583804 73.08407146757823 8.8537934948581380e+02 930056.8454696364 4442208.1638630545   
31 372 1.5946024122921034 3.991239820779111 73.08407146757823 6.2316234509494825e+03 381607.1847145426 2090557.953464037   
32 384 1.6475256815179662 4.048188047383157 73.08407146757823 1.9116709397445700e+02 271139.68467465974 598537.8418018442   
33 396 1.6896234330372475 4.0737082758255365 73.08407146757823 1.3878376349869591e+03 240516.56346492298 1539328.2008787205   
34 408 1.7845903547984756 4.155209901393492 73.08407146757823 2.1953481286409226e+02 359478.19412013027 2033987.0266010652   
35 420 1.8590275498029072 4.284895597947047 73.08407146757823 7.7397939174612093e+03 89038.31240933177 1672321.1728631048   
36 432 1.8325209565507516 4.307133192173723 73.08407146757823 2.1542537776076045e+02 136994.42043100426 615528.9517508465   
37 444 1.78639347687252 4.342977500944738 73.08407146757823 3.5974299950994564e+03 356832.6722294348 2647670.0596714243   
38 456 1.6973746351995183 4.456387770412282 73.08407146757823 3.5220490450831539e+03 260102.7247352361 2867671.3364062905   
39 468 1.6556091657750367 4.5665174230711845 73.08407146757823 9.1629876649474181e+02 126322.58353454416 991860.382190345   
40 480 1.6534436124592815 4.735644430633645 73.08407146757823 4.4329087149041316e+03 185974.7886844666 1292120.8313769193   
41 492 1.6718809001245225 4.87704400394322 73.08407146757823 4.1307270985713927e+04 303901.03337767516 2197994.563027656   
42 504 1.667190594303583 5.200903958424844 73.08407146757823 1.6210129274750389e+03 137991.07856888388 1619682.7809016486   
43 516 1.6827301439063558 5.359819933288647 73.08407146757823 5.7566277097239833e+02 50661.986822239924 645466.6120568555   
44 528 1.6136082501568019 5.614045589352588 73.08407146757823 1.0367120324519080e+03 205958.08314592973 605581.4605557149   
45 540 1.5997508951379025 5.786622800054928 73.08407146757823 1.4528171778893302e+03 232180.84431866053 1487786.8467955294   
46 552 1.560784602973774 5.973329813503064 73.08407146757823 6.4040339776869735e+02 99390.13095366256 883827.7572656916   
47 564 1.4855475752304819 6.0849368187602275 73.08407146757823 3.8634128197262584e+02 78818.48424264531 421673.6011951673   
48 576 1.460199596112162 6.167263362815571 73.08407146757823 9.2889909191734091e+02 224853.8969647045 1078675.2948370117   
49 588 1.4599412239460405 6.2337465672580334 73.08407146757823 4.9259019548455223e+02 56656.25582375622 315071.96083044785   
50 600 1.4316372167158198 6.271871479311829 73.08407146757823 6.4120238948790029e+03 55584.949349136274 1048210.1455318616   
51 612 1.3731237629692399 6.4058607207717895 73.08407146757823 8.6306085107788317e+02 73666.56057925346 1520865.6132339803   
52 624 1.405065152130666 6.569866876847435 73.08407146757823 4.1936094013510001e+02 191195.64942429887 969978.1408148083   
53 636 1.4171823623613025 6.895293518327771 73.08407146757823 3.5095809915718110e+02 26138.9413707537 784887.3053283904   
54 648 1.3819507460633398 6.991203040269191 73.08407146757823 9.2402989696226234e+02 51649.80986529256 1181634.6192968364   
55 660 1.3028719402349604 7.258855340676841 73.08407146757823 4.9580505379220091e+02 111761.58383225932 1033971.4962976449   
56 672 1.310893270322769 7.45963360115874 73.08407146757823 1.4958081180156346e+03 14322.783557796414 152668.89803615733   
57 684 1.317615258130387 7.559191117965984 73.08407146757823 2.7714596053570576e+03 58748.782137513845 506695.67206136306   
58 696 1.243981914167188 7.6855355579059585 73.08407146757823 3.0929259054663462e+03 100928.169523936 746810.6324849146   
59 708 1.1837515988343286 7.903563147984955 73.08407146757823 3.4539661247880679e+02 40969.08523190502 260409.7879417699   
60 720 1.079985717743509 8.178256924566544 73.08407146757823 6.2644775761117751e+02 31648.338369492325 149254.04333425444   
61 732 1.0192323495586324 8.372202302541213 73.08407146757823 9.5519509030475854e+02 24939.305856010134 153354.69235690113   
62 744 0.9340835544165392 8.563745171090112 73.08407146757823 1.2155404422980278e+03 20738.825114800296 146127.08611118287   
63 756 0.9113770708574165 8.621608842228678 73.08407146757823 1.9202553705989753e+03 31797.58040759007 220307.5590276823   
64 768 0.8921682653327175 8.94014953733801 73.08407146757823 5.6534719140961636e+02 7621.384576674277 183949.46051010385   
65 780 0.8819978742311242 9.457336699175055 73.08407146757823 5.4951379657036409e+02 19780.494511143057 79419.41140807256   
66 792 0.8741600175944176 9.749185182591885 73.08407146757823 3.8649364539829941e+02 9727.060126335859 155642.5473451816   
67 804 0.8315083691884986 10.171817526604034 73.08407146757823 7.1103208521361159e+02 16095.625418797044 47741.831536373385   
68 816 0.7857708047239299 10.187786004216695 73.08407146757823 3.7886305104337879e+02 5919.128954483149 237999.14819167735   
69 828 0.7541686075807288 10.587186813451158 73.08407146757823 4.5287211288252558e+02 10345.407671275905 66411.04460962537   
70 840 0.7532463585757313 10.673987884247378 73.08407146757823 5.0530024846593471e+02 23284.70155057795 97300.128537211   
71 852 0.757926298719936 11.135819139756327 73.08407146757823 4.0458062634945742e+02 16357.783208599236 66123.83226042487   
72 864 0.7464415674652314 11.312110507909791 73.08407146757823 3.7569281271478690e+02 10062.66229204077 50524.3078188628   
73 876 0.7056627661050254 11.549310382295984 73.08407146757823 8.9751176158063515e+02 7344.259206878198 50344.0925765667   
74 888 0.7054636798224876 11.849048937146577 73.08407146757823 9.4324422960992115e+02 14951.56347681557 100809.62445021626   
75 900 0.7106166069830031 12.599550384621013 73.08407146757823 3.6751582831324413e+02 3944.778335870296 36867.34346301902   
76 912 0.7031855618054978 12.695913026777161 73.08407146757823 8.0803846140815449e+02 20572.675297288435 40346.00837363591   
77 924 0.6708399641758843 13.407020240100158 73.08407146757823 3.8760721364910290e+02 16824.290994757986 26192.915743744034   
78 936 0.6556858964388416 13.746172170515651 73.08407146757823 3.9448179232608214e+02 9599.64295424562 44724.53145732527   
79 948 0.6677745758765701 14.084115878839508 73.08407146757823 4.1243368811134303e+02 6193.702594086637 24220.417272474737   
80 960 0.6324252709658886 14.61007852786579 73.08407146757823 6.3581761222699390e+02 5074.910483622756 45942.59197927412   
81 972 0.6434551743875796 15.33634003118661 73.08407146757823 4.2127551109433693e+02 2853.518148799755 9864.804634621394   
82 984 0.6581122800562366 15.363222387353547 73.08407146757823 4.9879540076740130e+02 5753.041233947586 10614.693175150309   
83 996 0.642424740853278 15.358859171285545 73.08407146757823 5.3081056039262421e+02 3965.5828735306386 46199.672826843744   
84 1008 0.6145359724676372 15.802439342795687 73.08407146757823 4.0694216845864503e+02 2577.7533099943967 16494.139679895023   
85 1020 0.5818056234288602 16.41022993847686 73.08407146757823 4.1255620385335470e+02 4003.2607963894034 35965.21479683564   
86 1032 0.5637082229063096 16.645744798099425 73.08407146757823 4.6952000429847487e+02 2725.603508722685 19288.77722832058   
87 1044 0.5589611501823416 17.1702722143672 73.08407146757823 3.6242262135413205e+02 1306.6738044444455 28501.712431606393   
88 1056 0.5617621823803748 17.740443714693154 73.08407146757823 3.7190607508166909e+02 3537.4639119218814 17861.667734041443   
89 1068 0.5568964856763401 18.874110237588013 73.08407146757823 3.6695281769770259e+02 2352.6389376879906 10380.53633626529   
90 1080 0.5918857020557404 19.05829920060781 73.08407146757823 4.3418187806937118e+02 3126.433863969439 9420.63678014831   
91 1092 0.61084584351256 19.634959490033285 73.08407146757823 4.7958732131408203e+02 2268.9234350165707 13261.011569955303   
92 1104 0.5986228079759639 19.98211579230395 73.08407146757823 3.3671916358279390e+02 1959.9312997664886 8294.102703201803   
93 1116 0.5958424010426135 20.828215397688314 73.08407146757823 4.8767743565684935e+02 1597.4786620212585 9165.485930757366   
94 1128 0.5967160516561283 21.08385477979742 73.08407146757823 5.1018044440640568e+02 1676.221308291313 12021.84909912228   
95 1140 0.5523431468410039 21.361983393908236 73.08407146757823 3.9336746469090662e+02 3548.571758615659 15312.673542641109   
96 1152 0.51916071782094 21.78551205041716 73.08407146757823 5.0625760408510263e+02 2152.9442429249616 8400.608202776095   
97 1164 0.4843417833781262 22.584989276481444 73.08407146757823 3.7401677879540620e+02 794.6514335347963 3161.815211530772   
98 1176 0.488240147942805 22.455574238989673 73.08407146757823 3.5808911291609661e+02 689.8183212112631 5275.009636179021   
99 1188 0.5063526593202009 23.356003973424336 73.08407146757823 3.6922277173303979e+02 2541.6257559193155 4846.730593041269   
100 1200 0.5113579168303418 23.773846044064346 73.08407146757823 3.8854670488320920e+02 1226.5151925310995 3319.5809113951113   
101 1212 0.5218896147133725 23.790829313586645 73.08407146757823 4.5075874047719765e+02 1424.393315745497 8291.94417892972   
102 1224 0.5230993647018771 24.521729263109982 73.08407146757823 3.7611318235821699e+02 858.2819463616481 3987.4947964147013   
103 1236 0.5012575806674471 24.878033967722192 73.08407146757823 4.1442809337710651e+02 1621.086116331856 2221.685947773495   
104 1248 0.4971574351376274 25.652038560514224 73.08407146757823 3.5009667269543371e+02 1132.5333397960922 4747.7173139539955   
105 1260 0.4728362160925769 26.497259053364065 73.08407146757823 3.4219015887538728e+02 1082.3026795705418 5680.849099453052   
106 1272 0.4407066027980326 26.65453122024455 73.08407146757823 3.4303359330830995e+02 564.462715099799 2831.728700318119   
107 1284 0.4283740339099075 27.39907358160006 73.08407146757823 3.9605971346379209e+02 725.38678445405 8623.165221900523   
108 1296 0.41860140960029396 28.690321688317614 73.08407146757823 3.7710454888600020e+02 798.9587467846063 5891.262609060583   
109 1308 0.42838546373185066 30.311162168333635 73.08407146757823 3.7443956535429749e+02 479.81907021431596 1846.5892635459006   
110 1320 0.45350855975150606 30.752223630374935 73.08407146757823 3.5252640004658645e+02 646.8384674970737 4825.501518431582   
111 1332 0.46124065988726265 31.588201363609844 73.08407146757823 3.4328378205330358e+02 734.2916568920824 3318.8637778987386   
112 1344 0.49504967345108686 31.79303412747136 73.08407146757823 3.3532328250099579e+02 944.1642270368551 6756.033718724793   
113 1356 0.5071317646166417 32.52433060128806 73.08407146757823 3.8165249864304201e+02 569.732134126844 3658.37793561222   
114 1368 0.532219486235722 33.0347078773481 73.08407146757823 3.1617400328186000e+02 595.9516509181514 3207.956245516921   
115 1380 0.5678683780498921 33.96410534616166 73.08407146757823 2.9549922003803556e+02 519.716943348209 1755.4260000599434   
116 1392 0.630039114078038 34.35306443327841 73.08407146757823 2.9096085787130022e+02 615.9831791407273 2127.748692432063   
117 1404 0.6962934583916391 34.842624959627265 73.08407146757823 2.9795354579606669e+02 531.8214580708404 6168.153382107446   
118 1416 0.6871608093179349 36.20127797325411 73.08407146757823 4.6710165964603539e+02 1094.761806235364 4986.789685049071   
119 1428 0.6503881640618092 36.83164877850052 73.08407146757823 3.2091581805341553e+02 1465.326141509876 8740.200977107846   
120 1440 0.6331546369966035 37.43623101253927 73.08407146757823 3.4193382469638107e+02 749.7015799598664 3404.346548006515   
121 1452 0.6103580257662333 37.99332423284069 73.08407146757823 2.6673279397321767e+02 752.3817300702792 13436.654028612425   
122 1464 0.6283785789935529 40.075023443752634 73.08407146757823 2.6318376025803997e+02 726.1373818391364 4381.000256366303   
123 1476 0.6027406064405851 41.065204263827106 73.08407146757823 3.4997899850335614e+02 724.2742026607472 2692.15983342704   
124 1488 0.5972289807717731 41.70347294305082 73.08407146757823 2.6927365858920405e+02 932.9320359430392 4342.050710450779   
125 1500 0.5891113214703929 42.79263298915459 73.08407146757823 2.8476069846412679e+02 926.742295521335 3095.9487000859285   
126 1512 0.5983961123568374 43.89868234536641 73.08407146757823 2.5242216779492975e+02 790.7946528264027 3488.6390161176087   
127 1524 0.6282844705677787 44.90413225070813 73.08407146757823 2.6210190817657497e+02 544.4736070233791 1441.083019515772   
128 1536 0.5954608816196288 44.6252935080637 73.08407146757823 2.4287049801399203e+02 360.0636738895704 1585.9163782643288   
129 1548 0.5923399988891435 45.89645299197881 73.08407146757823 2.4723620141404984e+02 435.8915756389868 2458.4555733039842   
130 1560 0.5827478601889321 47.69894950724236 73.08407146757823 2.3951097918918862e+02 486.08598818095436 1878.4559581417152   
131 1572 0.5900210362888374 50.175754454309796 73.08407146757823 2.3888963681567520e+02 569.789570340502 1623.4474168715176   
132 1584 0.6102114539885699 50.503460264332055 73.08407146757823 2.4159528440533609e+02 492.498570046242 2987.073114821915   
133 1596 0.6397381374936649 53.670235452808804 73.08407146757823 2.2375556699813512e+02 563.7148701113879 2529.009370795063   
134 1608 0.639084496034532 55.10798430017155 73.08407146757823 2.3153207247732726e+02 434.65609568922764 3943.8376263362934   
135 1620 0.6155528393144101 56.68107642020092 73.08407146757823 2.1969906269130800e+02 500.89095332088584 4800.891637400809   
136 1632 0.6089158215844311 59.448495921338335 73.08407146757823 2.3293325944522283e+02 338.0350359258947 1764.975095198791   
137 1644 0.5804959360648836 61.81822009521447 73.08407146757823 2.0403796814831560e+02 555.8275202750214 2748.289555766935   
138 1656 0.560068436551468 63.3428635219003 73.08407146757823 2.1097145945964095e+02 268.629513486523 1949.673832394347   
139 1668 0.5705243294176487 64.64031560781325 73.08407146757823 1.8965128963416640e+02 298.1056989346721 1202.8319540460484   
140 1680 0.5854704501228152 65.94667655802371 73.08407146757823 1.8597675109629259e+02 251.5403377201394 2313.155146538876   
141 1692 0.61518141421508 67.20766152120089 73.08407146757823 1.8438554759907893e+02 477.4762961039148 1498.8199024786818   
142 1704 0.6238827722453801 69.29642908021992 73.08407146757823 1.7329568842911073e+02 338.3250717239508 1596.8363502767565   
143 1716 0.624039041874972 72.60874306779124 73.08407146757823 1.7348461701204937e+02 248.05142576058662 3035.4035300293144   
144 1728 0.6099634206660427 76.72734513870955 73.08407146757823 1.7067241341464094e+02 359.88775803052624 616.8240010837113   
145 1740 0.6166904421459964 75.60925595049738 73.08407146757823 1.5298106282166088e+02 306.1953689285539 780.8473850837447   
146 1752 0.6152072442142195 77.68691329954802 73.08407146757823 1.7222766053375437e+02 299.9665847369249 1137.2256992882092   
147 1764 0.6094357688473848 78.75181044392176 73.08407146757823 1.4958513407304810e+02 237.87019467851061 1730.7334841533946   
148 1776 0.5992530839832546 81.03573566120676 73.08407146757823 1.4713295079743546e+02 225.53859858287314 990.9976487842628   
149 1788 0.5863979791251696 83.31787612061346 73.08407146757823 1.3287632982470353e+02 196.1979649099594 397.05719370681413   
150 1800 0.5700845757233514 82.8454116961977 73.08407146757823 1.2766884025145910e+02 339.1756394885781 620.1088672323174   
151 1812 0.5394179361408006 82.85423771427246 73.08407146757823 1.1884293543696418e+02 248.22732903009415 895.933795459624   
152 1824 0.5243443839369958 85.56536199227358 73.08407146757823 1.1555594820497859e+02 158.7110098917995 533.2350815446979   
153 1836 0.5188354913940473 85.62510505012109 73.08407146757823 1.0575365667675892e+02 256.06354959401534 698.20334340751   
154 1848 0.5190490197909614 87.76463542524887 73.08407146757823 1.1303923121936512e+02 142.57099353871615 632.6450110006349   
155 1860 0.5193565304906385 89.17047482113767 73.08407146757823 1.1054304659800300e+02 134.69640283829634 1357.9584085394597   
156 1872 0.5345579129128523 91.61426405689255 73.08407146757823 1.0897719494860512e+02 167.00160658074242 443.4422192971783   
157 1884 0.5826456423515904 94.76281373972209 73.08407146757823 1.4522481829608418e+02 290.0826751120979 832.9128473316285   
158 1896 0.6234917099790828 101.34370424379603 73.08407146757823 1.1204686935495140e+02 162.02124374176563 391.7013685285847   
159 1908 0.660954621608139 104.7442597885978 73.08407146757823 9.8781121930084936e+01 231.83357320777725 626.8821416018866   
160 1920 0.7097254498238734 109.10219859656449 73.08407146757823 9.6857987175886777e+01 157.43467730634518 902.4197813107787   
161 1932 0.7468655574229315 112.18854878989184 73.08407146757823 9.1465149711595799e+01 123.33539913166686 338.9927950588239   
162 1944 0.7591260563290232 113.55727259732363 73.08407146757823 1.1000520782144439e+02 507.70771320787367 2218.7616203336165   
163 1956 0.731067154690788 118.91285109607637 73.08407146757823 9.3797581982629467e+01 275.6741962757064 1420.5295506527484   
164 1968 0.7241937547375124 121.91463906078475 73.08407146757823 8.8540228781273569e+01 194.5629495344011 587.3500507310854   
165 1980 0.6913803252192289 124.2587397296083 73.08407146757823 1.1245664437698079e+02 260.4561837615828 878.946682056481   
166 1992 0.6851004531000972 129.60623379587193 73.08407146757823 9.9149175265904276e+01 152.15059983133642 365.40402142037846   
167 2004 0.6518124794856711 130.30387920542202 73.08407146757823 1.0157527353499788e+02 179.93501274377053 484.42815716312066   
168 2016 0.6335432048678962 134.5141472546857 73.08407146757823 8.6520686343006034e+01 155.29551567714498 461.6075798115134   
169 2028 0.6051571700244109 136.68747778032449 73.08407146757823 8.7404307186903551e+01 175.37723656227803 376.01358491834617   
170 2040 0.5660342357052759 140.24048180426476 73.08407146757823 7.8589132510768323e+01 104.20529147964278 431.94132910785214   
171 2052 0.5440366284344468 144.28002959119257 73.08407146757823 7.6225154625047182e+01 118.3025844286 292.9940498993685   
172 2064 0.5459795146357982 147.02728828493883 73.08407146757823 9.0992673975949884e+01 127.85539327833263 385.8124650730505   
173 2076 0.55133741049919 153.59982064081814 73.08407146757823 9.2411083918590194e+01 121.1680816779699 331.57741215032615   
174 2088 0.5564447038797687 153.23753658229418 73.08407146757823 8.4656416194431799e+01 107.7355772726848 326.6859816493039   
175 2100 0.6032964961621895 158.15412918739017 73.08407146757823 7.5424887469254600e+01 115.93895008124659 571.225782724507   
176 2112 0.625138499508273 162.84349778640888 67.42548959234108 6.7425489592341080e+01 119.45785292965847 408.4400053614452   
177 2124 0.6670533433843632 166.30808933634708 54.77461541583687 5.4774615415836870e+01 111.20815787428305 241.6419413615922   
178 2136 0.7504914625982034 170.0285980405333 52.09706711204301 5.2097067112043007e+01 109.26362892775482 357.726014318529   
179 2148 0.8065153882090043 174.60976735565646 50.47613799140689 5.0476137991406887e+01 147.0085729702709 336.09113650282427   
180 2160 0.8335425685628114 180.5404362880309 48.40291459544137 4.8402914595441374e+01 103.00837246537453 324.3630866472953   
181 2172 0.8633386834987304 180.11230804290977 33.1514252882354 3.3151425288235401e+01 111.97066547773193 596.0212549295665   
182 2184 0.9041593196674138 187.9283120395013 33.1514252882354 4.9301231591603077e+01 119.01312436652613 298.910004149404   
183 2196 0.8987095182330321 192.68820466796018 33.1514252882354 3.6035059625746356e+01 80.66284793701922 261.1497660553326   
184 2208 0.8912033932477645 200.12481622997288 33.1514252882354 3.5643164826605080e+01 100.72777640514542 912.3684077331183   
185 2220 0.874311752738213 205.17534677448853 33.1514252882354 3.6919007406895325e+01 71.05694693293428 255.44618818219024   
186 2232 0.8463037186806542 207.1728989555172 33.1514252882354 3.6874784023053955e+01 141.62710543457592 547.3987665957925   
187 2244 0.8123494192850311 211.243468015563 33.1514252882354 5.5232287187048186e+01 163.8961516614098 551.9050732179079   
188 2256 0.8146682132886534 219.63239822675598 33.1514252882354 5.8504857036296357e+01 103.6733223353221 203.07384541635406   
189 2268 0.765425827911128 226.26752262092964 33.1514252882354 5.0335211003991390e+01 105.87388462611077 280.2996202797301   
190 2280 0.7311653877848515 235.70052735597008 33.1514252882354 3.3442382517330287e+01 99.71316609691357 284.41702550520097   
191 2292 0.757634123457593 243.47823955706428 33.1514252882354 3.3351313964384573e+01 69.05703887983405 200.7527519358788   
192 2304 0.7463775524962373 254.51567808029148 33.1514252882354 4.0811808453153702e+01 81.48518558043806 455.1723261190376   
193 2316 0.7077110231384787 268.28626891734126 33.1514252882354 3.5861774760813304e+01 55.54712215463314 98.9358456400051   
194 2328 0.6673253243407541 271.28046968168945 32.42055148523947 3.2420551485239471e+01 58.59399790146278 153.16990374178044   
195 2340 0.6511701973422727 271.2254329974081 32.42055148523947 3.6374718636185833e+01 52.80720201666462 150.04376496127526   
196 2352 0.6152863240002193 278.2085762088318 32.42055148523947 3.2425672168402308e+01 56.598738063372174 119.47053148865713   
197 2364 0.6113675017081439 280.66580190495785 26.54682864644773 2.6546828646447729e+01 46.04904972358893 83.8986858935623   
198 2376 0.6121665898015901 285.5152220516705 20.178506514061958 2.0178506514061958e+01 43.0685474284964 83.14939312454123   
199 2388 0.5866414031382279 290.41719514557747 20.15691520866664 2.0156915208666639e+01 32.268890821943934 114.94038163301965   
200 2400 0.5949860430293532 292.1861948026186 20.15691520866664 2.1545111957968153e+01 31.336469235438685 106.42839389319184   
201 2412 0.5923876021180856 300.79950740880884 20.15691520866664 2.0207846233251210e+01 29.012960151740945 63.65242069232132   
202 2424 0.6099304723683234 305.9840049340255 10.657059752771366 1.0657059752771366e+01 30.439027818167776 77.74219817806704   
203 2436 0.6466233284289673 315.4979660062379 10.657059752771366 1.4708472765912227e+01 37.30822518235983 88.20717454265821   
204 2448 0.6840351721313355 325.2055272611103 10.657059752771366 1.2304883942049338e+01 30.584696622146264 89.06637497061729   
205 2460 0.6701071293262403 326.76917420805063 10.657059752771366 1.6628154293257900e+01 33.291358824290754 79.56035362088178   
206 2472 0.637779824701795 342.0940271581489 10.657059752771366 1.3562963827827176e+01 23.702366412659394 124.16573832505428   
207 2484 0.6269472201703051 349.73972426727414 10.657059752771366 1.2958987981617069e+01 27.69858534175035 94.45578573507528   
208 2496 0.6454629386629128 355.8361616144486 10.657059752771366 1.5046944564870474e+01 23.371907320593756 52.58891688260479   
209 2508 0.6273514973707267 364.5641292088946 10.657059752771366 1.1009357756425997e+01 27.26509044006157 95.63052073857179   
210 2520 0.6029490030792114 376.6096518871157 10.272087213121152 1.0272087213121152e+01 26.540784504072008 69.55314352847748   
211 2532 0.5578212243479524 387.0592470925032 9.783426519732775 9.7834265197327746e+00 22.5031483390606 56.38111697121617   
212 2544 0.5260396801287577 398.94722328252294 9.783426519732775 1.0484145321357051e+01 26.086125877500162 63.698567782893164   
213 2556 0.4913110496768164 415.3599725420967 9.783426519732775 1.1336168054577753e+01 25.780594599973995 40.45527836365676   
214 2568 0.46842696203255313 425.5095667720217 9.783426519732775 1.0135431974158648e+01 17.820523271545788 25.708596535746345   
215 2580 0.45918262433524887 428.8610501944921 9.357350651276997 9.3573506512769971e+00 16.289104292954583 33.42939644456658   
216 2592 0.44704503482310654 441.64211270978967 7.277100488253154 7.2771004882531543e+00 14.573782847792291 20.681119789857288   
217 2604 0.4408015288005041 443.8107441634516 4.839839699368277 4.8398396993682766e+00 13.636236171729017 25.23902657608602   
218 2616 0.43743710751830966 455.78271583603873 4.839839699368277 6.7729133663921708e+00 9.849061987225335 27.284888268689485   
219 2628 0.4285071025203694 469.33326446085044 4.839839699368277 5.6819392650672409e+00 10.071632054545441 19.36338816404146   
220 2640 0.40480927525889593 473.40532958159673 4.839839699368277 5.2639827205928817e+00 10.692675096906246 15.470052859668279   
221 2652 0.39082479198410885 481.99563901839485 4.839839699368277 5.7395214344847236e+00 9.160270793516961 15.971499033174322   
222 2664 0.3998187509961463 487.53352003173893 4.839839699368277 5.1222176963153698e+00 8.450175839839867 13.755729936933093   
223 2676 0.41046790253811644 497.4342491733726 4.839839699368277 5.9919390817648557e+00 8.740612323601601 12.85815065260741   
224 2688 0.4172925329766625 505.20218635002783 3.50160552430956 3.5016055243095598e+00 8.292381954581158 15.928638830264891   
225 2700 0.4228695846074238 509.6141994035373 3.50160552430956 4.1589032082009521e+00 8.053886177546786 15.614169638415184   
226 2712 0.41587753832656954 514.9234759901233 3.50160552430956 5.5185894295420210e+00 9.346066336227038 14.65140812112865   
227 2724 0.3849877139593987 517.6051225840786 3.50160552430956 5.0698135828940520e+00 7.850003922724718 10.075174286463557   
228 2736 0.3519509399225718 528.0024070221104 3.50160552430956 4.5719915547468357e+00 7.298638552020379 8.627961561040076   
229 2748 0.3211306034862642 533.3746191549621 3.50160552430956 4.9158446843808319e+00 6.945769213768203 9.707910400468464   
230 2760 0.3074347810676985 530.8799085241445 3.50160552430956 4.4252386710993372e+00 7.074011043388785 12.562132520482695   
231 2772 0.29850381454558633 548.2245390045024 3.50160552430956 3.6126399337767681e+00 6.0163879117600985 11.770973471829278   
232 2784 0.2846230028374126 554.2485530428681 3.50160552430956 3.7746302581032261e+00 6.13087241247494 10.9238203181406   
233 2796 0.28176983441722864 568.2656522634394 3.50160552430956 3.9739080289283835e+00 5.170289120331587 7.062176968710371   
234 2808 0.2669340757611331 582.6881351530798 3.218084882738591 3.2180848827385908e+00 5.29897814282446 10.743175624606614   
235 2820 0.2513325805091448 567.9347346093087 3.218084882738591 3.5135075445398232e+00 4.9060800307411725 7.191221884926261   
236 2832 0.24339485374439834 571.8716362440184 2.7271519437878133 2.7271519437878133e+00 3.8920647986630352 5.307298992753834   
237 2844 0.2544499557650806 581.4358460719303 2.51039792056369 2.5103979205636899e+00 3.626469372129706 6.773750067663134   
238 2856 0.2725434441539451 587.1262318554939 2.1390545128540026 2.1390545128540026e+00 3.433943479779772 5.110534861880913   
239 2868 0.28907744561665816 580.868250971577 1.45858146751159 1.4585814675115900e+00 3.6380646847183438 7.083325850396632   
240 2880 0.29391825150617895 583.4739461765123 1.45858146751159 1.6087327295716844e+00 3.8459772437560416 6.548142927801226   
241 2892 0.2974907875442801 596.6721746876065 1.3323463974698297 1.3323463974698297e+00 2.203717638096428 5.020284781181083   
242 2904 0.29514170937236067 608.426025912529 1.0066916179073595 1.0066916179073595e+00 2.2182146130427807 4.663646597378113   
243 2916 0.29628782251880054 601.2687691160643 0.6558618001495045 6.5586180014950446e-01 2.1571016684421638 4.015414068430245   
244 2928 0.2864592641017134 603.0747254808781 0.6558618001495045 1.0181575244135352e+00 2.0063208695098123 3.9898466626121563   
245 2940 0.28561524188637216 609.9583112301914 0.6558618001495045 9.2352162965721729e-01 2.7373071194954304 4.8536511648023595   
246 2952 0.2761488062815259 594.4706833186087 0.6558618001495045 1.4568783924476414e+00 2.5705727646353056 6.174973514022697   
247 2964 0.27415464064056905 618.0851920129982 0.6558618001495045 9.9325971201092256e-01 1.4578452919440854 6.40600291455071   
248 2976 0.261630234471954 626.7134506944209 0.6558618001495045 8.8499711647825263e-01 2.1807708682251254 3.387036365929794   
249 2988 0.2425017987964011 627.3762468054308 0.6558618001495045 9.7368948104857278e-01 2.156894725374266 3.325407224623828   
250 3000 0.21754429875537318 633.2701941276597 0.6558618001495045 1.0703874844436592e+00 1.9337095839159042 2.878848038722758   
251 3012 0.20177814142649958 635.1353886125254 0.6558618001495045 8.7151777130543540e-01 1.5966698900027216 3.6269673936543634   
252 3024 0.20133369342675114 648.8606199298273 0.5736867925133708 5.7368679251337085e-01 1.3559105750858578 1.7172863399784883   
253 3036 0.19723158557317344 650.6940714544452 0.5736867925133708 5.7957603968761817e-01 1.1312415813036787 2.386610427934249   
254 3048 0.19434600518296444 660.0943172788195 0.3192228195266408 3.1922281952664078e-01 0.9469439772132087 1.5857040712527053   
255 3060 0.19149363946148001 670.3535341516385 0.3192228195266408 4.1126673640422406e-01 0.8147836159891146 1.0685701817104345   
256 3072 0.18309095096565065 672.2341100146318 0.3192228195266408 4.4457749538333080e-01 0.8107820649700979 2.245821081687656   
257 3084 0.16861244699468989 672.3071293130553 0.3192228195266408 3.3284169603394237e-01 0.8826285644643478 1.3368868793930209   
258 3096 0.15987069275526694 686.1129844705931 0.3192228195266408 3.5898595036056635e-01 0.6327947669585475 1.47135125434257   
259 3108 0.15235719975599957 707.255309522313 0.27753411579423615 2.7753411579423615e-01 0.6473540037227953 0.9610527811580564   
260 3120 0.1485978385335997 750.0585816053455 0.22560685243390804 2.2560685243390804e-01 0.5729786545084227 0.8902856301649343   
261 3132 0.15683644116730588 754.6636920332509 0.22560685243390804 2.7068563546715091e-01 0.5135661672445672 0.8336379287340292   
262 3144 0.15640902572080706 756.3285151438838 0.22560685243390804 2.6363823825667848e-01 0.47836236122515363 1.0211799984333596   
263 3156 0.15758712452661128 764.4312252516169 0.22560685243390804 2.4841250109292257e-01 0.48456499407128245 0.6902155079962878   
264 3168 0.15515197867364247 767.5966720182262 0.22560685243390804 2.6546017243738290e-01 0.4848935133378596 0.7710833885893097   
265 3180 0.15032836922858367 771.1681416544473 0.21119196714445482 2.1119196714445482e-01 0.41810751747167424 0.6556611520259985   
266 3192 0.14314425154773538 766.7282465453471 0.17593765844453485 1.7593765844453485e-01 0.3185441057958173 0.5706032450186299   
267 3204 0.1361903358544579 763.1523837579382 0.17593765844453485 2.5093519624390698e-01 0.3861809535708986 0.6482275866794641   
268 3216 0.12845113647638068 773.9792359965874 0.16885252323186162 1.6885252323186162e-01 0.3372995184775718 0.4463138235319816   
269 3228 0.12092585185186007 767.3455190423356 0.11680876281212743 1.1680876281212743e-01 0.2770720914574566 0.46867218589594695   
270 3240 0.11191020016595349 778.5519385244728 0.10070627910112312 1.0070627910112312e-01 0.2665695578100703 0.4094136944457061   
271 3252 0.10591391784139058 781.6793520583539 0.10070627910112312 1.4293468960990255e-01 0.20852582557059451 0.315818678782071   
272 3264 0.10150337673612618 774.6143682729559 0.10070627910112312 1.0216672472803583e-01 0.2404403494170676 0.40641339227638973   
273 3276 0.09770357617285104 786.454524838794 0.10070627910112312 1.1833335778482915e-01 0.17859738659155064 0.3609494059753351   
274 3288 0.08690397020357454 793.7394333407918 0.07329025972564604 7.3290259725646040e-02 0.14117025450427362 0.30524724257224667   
275 3300 0.08132962471897325 812.5859183799898 0.04405617018393872 4.4056170183938717e-02 0.1122517962341408 0.20055713121536153   
276 3312 0.07697483263222375 831.6423936397889 0.04405617018393872 5.0522323826035505e-02 0.11627977418256313 0.15775800513029006   
277 3324 0.07099877330620488 834.3114140708702 0.03523372893195352 3.5233728931953520e-02 0.11331269457147977 0.12373147019436855   
278 3336 0.06678596001884358 845.3114725663003 0.03523372893195352 4.4595123606903306e-02 0.06972312967239502 0.13440563986505033   
279 3348 0.06420691765690223 841.0369837210011 0.03523372893195352 4.6036905941642579e-02 0.08825145603198505 0.11150069616900085   
280 3360 0.061440824146244584 844.0646710741303 0.03523372893195352 4.0382166483191866e-02 0.07746575972299946 0.11609171094824193   
281 3372 0.056793433147081615 847.1877906988393 0.021889089802966513 2.1889089802966513e-02 0.06420938891634075 0.1368056068639415   
282 3384 0.0521916248252264 845.4475665266756 0.021889089802966513 3.0892675700673174e-02 0.05623391258381001 0.10454827434955569   
283 3396 0.04875663384116791 847.9253593268551 0.021889089802966513 2.2709559847720918e-02 0.05554516564788333 0.0965843642817017   
284 3408 0.04581072530070007 833.1441972886041 0.02005941408522596 2.0059414085225959e-02 0.03490281554639153 0.052290468941137605   
285 3420 0.04454533296076257 830.7538504469875 0.01971193055008741 1.9711930550087409e-02 0.03825394692093921 0.06628618656885246   
286 3432 0.04098340809398155 826.7104495390644 0.015642682914236938 1.5642682914236938e-02 0.031379699932547904 0.06661270111483306   
287 3444 0.037905171666322665 823.7470554556971 0.012591792604198347 1.2591792604198347e-02 0.027404474626300586 0.04860612055223883   
288 3456 0.036005049592331514 824.5005676463953 0.011516772512593768 1.1516772512593768e-02 0.022167443755304165 0.03168048926807176   
289 3468 0.03591929742912841 837.0801235024912 0.009252399041105985 9.2523990411059846e-03 0.014894736436878046 0.02641600876877608   
290 3480 0.035446737379180346 870.3490916330534 0.009169571868328152 9.1695718683281521e-03 0.02214467141706406 0.03119360304804072   
291 3492 0.03613524449596477 875.1114635725571 0.009169571868328152 1.5220190029932263e-02 0.023244171718186074 0.026133781848745177   
292 3504 0.0332829755561241 871.2879804985853 0.0055868991250149595 5.5868991250149595e-03 0.01835663450623816 0.027433747945360295   
293 3516 0.029927092762373157 861.3892511015464 0.0055868991250149595 8.6367472098627333e-03 0.015259294284690403 0.02520015098137308   
294 3528 0.027692922603568298 874.788467612583 0.00335377326202125 3.3537732620212502e-03 0.012239514947305125 0.029963671820603624   
295 3540 0.025889521509549915 869.633787421941 0.00335377326202125 6.7800907766896205e-03 0.011045395493255828 0.017397561394691126   
296 3552 0.025623181705675284 878.6650542733554 0.00335377326202125 6.5473105106140742e-03 0.011540726227505944 0.015329703166469649   
297 3564 0.023888122387778953 898.754504989119 0.00335377326202125 4.9801539601419505e-03 0.007751903771654037 0.01594439004192267   
298 3576 0.023044020523366588 900.9967370536476 0.00335377326202125 4.7088363730198972e-03 0.009132648802159256 0.020279137231448446   
299 3588 0.02260666809510609 907.3568090567773 0.00335377326202125 3.6924689903672899e-03 0.006555375294888484 0.0119800998001332   
300 3600 0.0211538087365971 910.9685616048362 0.00335377326202125 4.3292538759375672e-03 0.006100148921513289 0.01225666719466863   
301 3612 0.02034032016344203 934.9642161677322 0.002998418285494039 2.9984182854940391e-03 0.006152917455565187 0.01022623571844804   
302 3624 0.019416513973701602 939.3823017706527 0.002047639829639128 2.0476398296391282e-03 0.0048209590162928955 0.008935595689767562   
303 3636 0.01934461783599004 972.3802108475894 0.002047639829639128 2.5165739233429939e-03 0.0045028279774895095 0.009601331588382014   
304 3648 0.0189009764637776 967.7912669938137 0.002047639829639128 2.2833121484639599e-03 0.004467313169032848 0.008415626823123098   
305 3660 0.01792071041845196 980.3830591607883 0.0014664537290003722 1.4664537290003722e-03 0.004008520546796446 0.008835223752231345   
306 3672 0.017408234406267913 983.2973379834975 0.0014664537290003722 1.5295728472682845e-03 0.003153741102733213 0.006938361336170704   
307 3684 0.0161386044115919 982.9195532879778 0.001064584824169778 1.0645848241697779e-03 0.0028270782105388765 0.004535878542070233   
308 3696 0.014960264429340777 985.2746756990492 0.00103457085744574 1.0345708574457399e-03 0.003267737626917274 0.005415895455341958   
309 3708 0.014776686336298656 977.8836448577198 0.0006882242457433464 6.8822424574334644e-04 0.0028809080781766866 0.004278882809712626   
310 3720 0.013871024084687385 997.1688965255727 0.0006882242457433464 1.3191051283290935e-03 0.002568764352846143 0.00415024902196178   
311 3732 0.012879899123259191 994.9927694271839 0.0006882242457433464 1.0030942601768097e-03 0.0016510763320662653 0.003910900082665661   
312 3744 0.012246041476706507 981.3224525381569 0.0006882242457433464 8.9267899593174673e-04 0.002272155059409787 0.003525596608086536   
313 3756 0.011602878384963804 997.1662762156608 0.0006882242457433464 1.1373541444625564e-03 0.001943153760422095 0.0027075579461850545   
314 3768 0.011110977268905399 1009.069117291144 0.0006882242457433464 9.0186420365879030e-04 0.0021210699823912067 0.0032670240241739926   
315 3780 0.010659827682600922 1006.1279259636128 0.0006882242457433464 9.3289170494035548e-04 0.0017604672286754882 0.0020531924052540796   
316 3792 0.009761418190552337 1004.2950489604036 0.0006882242457433464 8.6259942828836942e-04 0.0015734349891049627 0.0023851020420580698   
317 3804 0.009138950735984 996.6515292723401 0.0006882242457433464 7.5620580210245241e-04 0.0012088869835689652 0.0015196218053310224   
318 3816 0.008825448510126933 985.3594010135413 0.00029572662125675834 2.9572662125675834e-04 0.0010813579526248434 0.0015333732544927905   
319 3828 0.008265425016766857 961.3126524710829 0.00029572662125675834 3.3659291649688433e-04 0.0007137015343196824 0.0011586453741088524   
320 3840 0.008030376859943098 949.105399994933 0.00027317588364512605 2.7317588364512605e-04 0.0006857826844926944 0.0011982259184077514   
321 3852 0.007940539983480143 940.1494680155866 0.00022600347940307806 2.2600347940307806e-04 0.0005674785862659533 0.0010528987218622313   
322 3864 0.007318790115978433 943.5882092509404 0.00022600347940307806 2.3800650924664219e-04 0.0005135336487266372 0.0006762346504227024   
323 3876 0.006811498741492298 935.7752862927367 0.00022600347940307806 2.5372397293977478e-04 0.0005909493491820802 0.0008396339384850731   
324 3888 0.006278486495723317 926.1977316363898 0.00018094368347941565 1.8094368347941565e-04 0.00042289704347332925 0.0011483840223759575   
325 3900 0.00590554867067946 929.715828486994 0.00015537217639787087 1.5537217639787087e-04 0.00030147441030423 0.0007749280806055355   
326 3912 0.005308304435343719 933.9332064765832 0.0001319678464534239 1.3196784645342391e-04 0.00027681695016257117 0.0005163075278431067   
327 3924 0.004816348595939753 922.5864771180047 8.951699444975245e-05 8.9516994449752446e-05 0.0002736391008513227 0.0004889821693003997   
328 3936 0.004435302989103359 944.6192039789852 8.951699444975245e-05 1.2992562724711877e-04 0.0001862765373116601 0.00032988949610158184   
329 3948 0.004160423312505016 967.4843671341388 8.951699444975245e-05 1.3714829651590045e-04 0.00020963468523119169 0.00042050199285211274   
330 3960 0.003917634380227163 939.9953557300585 7.78513723354479e-05 7.7851372335447898e-05 0.00020385022982567818 0.00038055038774121046   
331 3972 0.0035751238136718707 949.6931440021127 7.78513723354479e-05 9.0698880209938632e-05 0.00012920127465354978 0.00031250680061265223   
332 3984 0.0032356295561364466 945.6678267780845 5.153620759513592e-05 5.1536207595135922e-05 0.00011446860791041446 0.00019776810350914957   
333 3996 0.0029250666424443985 956.07872217645 5.153620759513592e-05 6.5499722270555109e-05 9.833622571432671e-05 0.0001424864273152005   
334 4008 0.002686629502356776 953.8071930215931 4.471725465434906e-05 4.4717254654349059e-05 9.820720841519494e-05 0.00013909777035983368   
335 4020 0.0025970410649733015 945.3216711860954 4.471725465434906e-05 6.1390050616961868e-05 7.467545233245827e-05 0.00012948636815395844   
336 4032 0.002561490083398594 947.9757088825995 4.173636665270474e-05 4.1736366652704740e-05 9.152401884005255e-05 0.0001325543233844392   
337 4044 0.002501974095462056 953.9926343041526 4.173636665270474e-05 4.9846089576664354e-05 7.494194189446118e-05 0.00013569716912858226   
338 4056 0.0024818231031256384 966.6773134868002 2.249649214366328e-05 2.2496492143663282e-05 8.126641969635927e-05 0.00010541912359332583   
339 4068 0.002417408917954155 968.2398707865572 2.249649214366328e-05 3.2256567930438725e-05 5.5459159499928055e-05 8.620350424430628e-05   
340 4080 0.0024496575161365186 983.9415597215332 2.249649214366328e-05 3.3736252932406583e-05 4.302847661402843e-05 6.282653807673039e-05   
341 4092 0.0024648901538604764 978.5887574889344 2.249649214366328e-05 2.2988545560320763e-05 3.562675130691144e-05 6.616862579450757e-05   
342 4104 0.0023778556898074008 987.8050157596864 2.249649214366328e-05 2.8426173878508304e-05 4.7478175495080994e-05 8.234413869921824e-05   
343 4116 0.0022445523794254497 1017.8158811510792 1.4200986323039833e-05 1.4200986323039833e-05 4.3404881015403785e-05 8.628990816429916e-05   
344 4128 0.0021333388554434234 1016.6302846716577 1.4200986323039833e-05 2.2041287491625776e-05 4.790039370832566e-05 7.298040857180177e-05   
345 4140 0.001993255899936283 1014.9506054950663 1.4200986323039833e-05 1.6322631946954483e-05 3.798277225498609e-05 5.804292934141452e-05   
346 4152 0.0019151163773756552 1026.0134970501624 1.4200986323039833e-05 1.4937146979618470e-05 3.39691281277121e-05 5.4064654472785905e-05   
347 4164 0.0018719348146993438 1052.2457268735982 1.4091558964652284e-05 1.4091558964652284e-05 2.806875017698771e-05 4.830553458430891e-05   
348 4176 0.0017441384517034495 1058.469197225465 1.4060284765850643e-05 1.4060284765850643e-05 2.7212879877179176e-05 5.7274995635642176e-05   
349 4188 0.00160087483045604 1071.0690981924422 1.259813576529034e-05 1.2598135765290341e-05 2.5702013600536915e-05 3.493150794865831e-05   
350 4200 0.0014319272048100213 1052.2095194082117 1.1797493874368626e-05 1.1797493874368626e-05 2.0915517461841072e-05 3.536562294306703e-05   
351 4212 0.001342582618963825 1057.029875218255 8.036299154339823e-06 8.0362991543398234e-06 1.998335878385495e-05 2.5555729473125522e-05   
352 4224 0.0012862649520768287 1079.109319414561 7.39140836205504e-06 7.3914083620550399e-06 1.5777634141379783e-05 2.6493737164219913e-05   
353 4236 0.0011669637535188589 1085.7862508197882 7.39140836205504e-06 8.4415660995966320e-06 1.5225361071815897e-05 2.0485088869579045e-05   
354 4248 0.0011090517573130313 1074.7422186548242 7.022664663020884e-06 7.0226646630208844e-06 9.920173524597594e-06 1.6186263361138277e-05   
355 4260 0.0010412799879157295 1093.9168350257394 6.40272499777371e-06 6.4027249977737100e-06 1.4163002063760432e-05 1.750728498854749e-05   
356 4272 0.0009681777736521233 1054.9162398703222 6.40272499777371e-06 6.8542650230973212e-06 1.1422688918065846e-05 2.0282838081382935e-05   
357 4284 0.0009344679021451415 1069.9357870949827 3.008117499619473e-06 3.0081174996194730e-06 7.61671090232109e-06 1.3438755659741445e-05   
358 4296 0.0009310076686790963 1071.376214264145 3.008117499619473e-06 3.7768573900659525e-06 5.513351187540117e-06 1.1476552872772232e-05   
359 4308 0.0009161599964096162 1071.358466301222 2.1120950700360533e-06 2.1120950700360533e-06 5.8113050429037605e-06 7.566335033340029e-06   
360 4320 0.0009075873130863698 1081.229461707515 2.1120950700360533e-06 2.4885209679665712e-06 5.464450825535011e-06 1.2178967385656247e-05   
361 4332 0.0009250473951434655 1088.6617660942309 2.1120950700360533e-06 3.5642741400708811e-06 7.842219029139522e-06 1.0840934676597915e-05   
362 4344 0.0009366371036560235 1088.841502478031 2.1120950700360533e-06 2.5281220318341051e-06 4.910426443479962e-06 1.0697167352290184e-05   
363 4356 0.0008955655447111226 1096.3990946708695 2.1120950700360533e-06 2.3165385118254398e-06 4.313552790548445e-06 7.696273089591451e-06   
364 4368 0.000879360401850237 1107.072154933538 2.1120950700360533e-06 3.6819320248352172e-06 5.009327461574954e-06 6.962856955347787e-06   
365 4380 0.0008401247632495542 1096.4770487159035 2.1120950700360533e-06 2.8197413798284005e-06 5.538709683490941e-06 1.0511857871226659e-05   
366 4392 0.000788675174314254 1102.6076896707223 1.94315054685064e-06 1.9431505468506399e-06 4.005369221492528e-06 9.632373375001703e-06   
367 4404 0.0007315869452124786 1111.2378328653979 1.94315054685064e-06 2.2024746083943488e-06 4.526881017501825e-06 6.715829234084196e-06   
368 4416 0.0006926465990743838 1104.6666869021635 1.94315054685064e-06 2.3034494471062355e-06 3.7127781858832714e-06 7.1591407195019e-06   
369 4428 0.0006351793182489201 1102.5250418457954 1.5533404372307191e-06 1.5533404372307191e-06 3.715766532024728e-06 4.826284999055926e-06   
370 4440 0.0006030162979890027 1096.634074426803 1.372299404564142e-06 1.3722994045641421e-06 2.4925122013761703e-06 4.604258252357335e-06   
371 4452 0.000580537861760145 1101.0268043278197 1.0114929311136424e-06 1.0114929311136424e-06 2.0790721471017723e-06 2.6953682664194854e-06   
372 4464 0.0005540520159524472 1081.031443977404 9.92529742281268e-07 9.9252974228126801e-07 1.7958056898957708e-06 3.5016976608419773e-06   
373 4476 0.0005322234898127989 1088.6034314441092 9.92529742281268e-07 1.0601018561969678e-06 2.123813350747205e-06 4.121074086040612e-06   
374 4488 0.0004918595689491577 1085.3088134805646 9.92529742281268e-07 1.2131506405995695e-06 2.0566119492233172e-06 3.4677329539473948e-06   
375 4500 0.00043448472767235874 1082.0111701033618 8.822019444456662e-07 8.8220194444566624e-07 1.6552114228281352e-06 2.511175991324753e-06   
376 4512 0.0004129544914935841 1090.4155746348567 7.51716909483e-07 7.5171690948299997e-07 1.3243845195580721e-06 2.304056041522166e-06   
377 4524 0.00041506499589487214 1100.6981972104018 4.383997018845557e-07 4.3839970188455570e-07 1.0586491705325417e-06 1.668769920927503e-06   
378 4536 0.00040730791406216334 1103.658039694048 3.121248266569254e-07 3.1212482665692540e-07 1.0595120203847384e-06 1.4461159928793862e-06   
379 4548 0.0003857167026344034 1097.7920755991317 3.121248266569254e-07 5.4464042686276335e-07 7.786922837771683e-07 1.256688860629003e-06   
380 4560 0.00037279593859174576 1093.1736601768728 3.121248266569254e-07 4.6897333353877406e-07 9.151033148268095e-07 1.3880604988868227e-06   
381 4572 0.0003633886341584358 1104.5092164759046 3.121248266569254e-07 4.2844801850880587e-07 9.163718578596718e-07 1.6389181021806223e-06   
382 4584 0.00034770571273267476 1099.8318456578957 3.121248266569254e-07 5.7708506174109683e-07 8.966718657618541e-07 1.5011963897753998e-06   
383 4596 0.0003401391256987107 1097.3778763871453 3.121248266569254e-07 5.7020343405161959e-07 7.874318632412134e-07 1.5769152958202565e-06   
384 4608 0.0003311015890755486 1097.681214513987 3.121248266569254e-07 4.3550577818417688e-07 7.218056010806564e-07 1.2906102512153037e-06   
385 4620 0.0003203570676347482 1113.7800301532686 3.121248266569254e-07 4.7413384279455151e-07 8.208210774138753e-07 1.459739692499428e-06   
386 4632 0.000307153642586122 1123.9851764968305 2.4445225023261495e-07 2.4445225023261495e-07 6.395775332138815e-07 1.0353143346727065e-06   
387 4644 0.00028977985481731697 1127.9948014042034 1.776729755435946e-07 1.7767297554359461e-07 5.452330052544098e-07 1.2548809288209275e-06   
388 4656 0.00027342748067091125 1140.6170292282798 1.776729755435946e-07 2.5034773275877883e-07 4.256007532640702e-07 6.283824986007517e-07   
389 4668 0.00025751574522191227 1137.5351587268572 1.776729755435946e-07 2.4267146363334332e-07 3.596920534291439e-07 7.466667513081849e-07   
390 4680 0.00025076814545016353 1097.9055345526742 1.776729755435946e-07 2.5837715871999397e-07 3.7360457875633514e-07 5.008784284089827e-07   
391 4692 0.00024674441185740996 1097.101630173323 1.5324896424902859e-07 1.5324896424902859e-07 3.881616958388121e-07 6.013731193785028e-07   
392 4704 0.0002375538828491553 1109.416082619304 1.389552590890776e-07 1.3895525908907759e-07 2.7417935792125906e-07 4.787892394861768e-07   
393 4716 0.0002291780280144603 1118.506951689322 1.389552590890776e-07 1.4193850646320097e-07 2.8935488979498233e-07 3.8236753888694685e-07   
394 4728 0.0002161575186438822 1142.7756635625658 1.0115985851863977e-07 1.0115985851863977e-07 2.702488278606433e-07 4.991450052413461e-07   
395 4740 0.00020748056238410542 1120.1862582969688 1.0115985851863977e-07 1.2315637263636746e-07 2.5035470835300807e-07 3.751298613404835e-07   
396 4752 0.00019161381105895067 1135.0441455601801 1.0115985851863977e-07 1.0534780144759720e-07 1.949053235088811e-07 3.579679792000537e-07   
397 4764 0.00018665344904969706 1150.2286230394882 1.0115985851863977e-07 1.2543165340418045e-07 1.870861637004285e-07 2.627853609475341e-07   
398 4776 0.00017162808362383892 1129.6577224914342 9.156018498630697e-08 9.1560184986306975e-08 2.0983407464641878e-07 3.0319055289973205e-07   
399 4788 0.0001619867703969071 1128.2156443066995 9.156018498630697e-08 1.0654585671888950e-07 1.386813119418071e-07 2.0761569497976724e-07   
400 4800 0.00014913157398769574 1130.5040217547396 9.156018498630697e-08 9.3041680646311243e-08 1.4388411401568695e-07 2.826834851689682e-07   
401 4812 0.0001345243285016148 1134.398164544438 8.029201005506949e-08 8.0292010055069488e-08 1.4133699010269108e-07 1.685503151894278e-07   
402 4824 0.00013061698477933489 1145.9556918420944 5.9432634407491433e-08 5.9432634407491433e-08 9.529074356014917e-08 1.3558944257261545e-07   
403 4836 0.00012185786676626386 1148.953489277714 3.455734267400412e-08 3.4557342674004120e-08 9.520331066327826e-08 1.883895407677955e-07   
404 4848 0.00011262407640908475 1151.4828325752778 3.0476392785154564e-08 3.0476392785154564e-08 7.15108137036834e-08 1.1683783286220228e-07   
405 4860 0.00010571040678809978 1157.470206051462 3.0476392785154564e-08 4.4962217481435583e-08 9.298627454895097e-08 1.1300737234968143e-07   
406 4872 0.00010128909405637524 1142.9118111593832 1.4338607045453812e-08 1.4338607045453812e-08 5.4601658546189924e-08 9.429486811326687e-08   
407 4884 9.90180665972107e-05 1144.0028734427085 1.4338607045453812e-08 3.7803729094393936e-08 4.767598909597206e-08 7.503824359593002e-08   
408 4896 9.750044159462024e-05 1139.538961686126 1.4338607045453812e-08 2.9797233230599247e-08 5.2193255809718355e-08 6.539865297521485e-08   
409 4908 9.232849081821805e-05 1141.9576682393035 1.4338607045453812e-08 2.8374017167111036e-08 4.904083645462238e-08 7.291023475479818e-08   
410 4920 9.04366739082721e-05 1141.037420296473 1.4338607045453812e-08 2.7689009821547622e-08 4.2076179607188726e-08 6.610300293760289e-08   
411 4932 8.454538400597701e-05 1129.0875055359584 1.4338607045453812e-08 2.4170663892845932e-08 3.8347378602470276e-08 8.93870920483717e-08   
412 4944 8.009291147037681e-05 1104.8292910981734 1.4338607045453812e-08 1.7244439170534553e-08 3.347770134686493e-08 5.0032690842557214e-08   
413 4956 7.96534332683397e-05 1117.134994871822 1.4338607045453812e-08 1.7217375376103194e-08 3.342169498410625e-08 5.157062413692601e-08   
414 4968 7.951802213469484e-05 1118.1429586555305 1.3191966745134903e-08 1.3191966745134903e-08 2.2999645183229198e-08 5.562227435089782e-08   
415 4980 7.899143946278435e-05 1105.0970959222866 1.3191966745134903e-08 1.3317368561476387e-08 2.1579165790089735e-08 3.7505383885715986e-08   
416 4992 7.184864786943764e-05 1109.620631930214 9.191964003733811e-09 9.1919640037338112e-09 2.317437832987985e-08 3.564907845398335e-08   
417 5004 6.770730086916077e-05 1117.9215486100293 9.191964003733811e-09 1.4801653796972340e-08 1.9594549704728927e-08 2.512706419839145e-08   
418 5016 6.310464485998358e-05 1160.2640708032247 9.191964003733811e-09 9.8615841537982825e-09 1.655376231353867e-08 2.3874316842562245e-08   
419 5028 5.849211473185808e-05 1151.665315869628 8.503397569804069e-09 8.5033975698040690e-09 1.581732123577408e-08 1.9477750007115398e-08   
420 5040 5.708876220754295e-05 1152.1249095555327 8.503397569804069e-09 1.1671603809921912e-08 1.6102743310095033e-08 3.418084744426056e-08   
421 5052 5.319022675018603e-05 1145.4101795097124 8.503397569804069e-09 1.0876501811865709e-08 1.5552919286497305e-08 2.6520224170079587e-08   
422 5064 4.9338840563371085e-05 1165.4175747315167 8.503397569804069e-09 9.5443225241172427e-09 1.3726478832241644e-08 2.1244476357894612e-08   
423 5076 4.647742678131578e-05 1170.3676587869402 7.555106273144087e-09 7.5551062731440872e-09 1.1061311076103393e-08 2.0877851038515752e-08   
424 5088 4.31555073731242e-05 1176.164704550199 5.732838993686841e-09 5.7328389936868408e-09 9.940977882069514e-09 1.941710870979466e-08   
425 5100 4.1276414400135994e-05 1171.400430194829 3.2712557382565806e-09 3.2712557382565806e-09 7.0319600379058016e-09 1.3713670437761709e-08   
426 5112 3.95407632912808e-05 1155.569915382714 1.687330279038384e-09 1.6873302790383839e-09 5.437920969290612e-09 7.885431786812065e-09   
427 5124 3.736355782665931e-05 1152.2467354608125 1.687330279038384e-09 3.3060482695812590e-09 4.777261505739475e-09 5.9474182585724445e-09   
428 5136 3.581768663919653e-05 1111.0543164805274 1.482472603027843e-09 1.4824726030278431e-09 4.832408165259473e-09 1.0977220647883436e-08   
429 5148 3.46244178259688e-05 1115.3609927700247 1.4734003981200627e-09 1.4734003981200627e-09 3.472522927868267e-09 7.862881354186717e-09   
430 5160 3.2098812009512286e-05 1146.3877019050474 1.3180428435621507e-09 1.3180428435621507e-09 2.482586335517304e-09 6.955797579321306e-09   
431 5172 3.097507635114673e-05 1117.6442957150095 1.3180428435621507e-09 1.9641664983546592e-09 3.3810442589041835e-09 6.380545152490015e-09   
432 5184 2.9600641924051933e-05 1126.8378954151885 1.3180428435621507e-09 1.7229720996355595e-09 3.633923621077277e-09 5.901178391068078e-09   
433 5196 2.8024891602103818e-05 1134.5280232028188 1.063124891663876e-09 1.0631248916638761e-09 2.538221284490579e-09 5.263194428610112e-09   
434 5208 2.6679335019849268e-05 1124.923552910463 1.063124891663876e-09 1.6978997991437829e-09 2.6299826088218143e-09 4.39321945270171e-09   
435 5220 2.519285953816676e-05 1133.372591276146 8.656395038639626e-10 8.6563950386396265e-10 2.5277738187757048e-09 4.546683065290932e-09   
436 5232 2.2976419176411533e-05 1144.9561072987253 8.656395038639626e-10 9.2420129960094065e-10 1.957445447192979e-09 3.0022485527565174e-09   
437 5244 2.1424165781836406e-05 1149.7762788327493 8.656395038639626e-10 8.9895457063904507e-10 1.443569654722903e-09 3.037008034920813e-09   
438 5256 1.9743305275703005e-05 1180.047352385441 6.650298344379277e-10 6.6502983443792769e-10 1.5673508713240998e-09 2.1321945784900364e-09   
439 5268 1.7746913172349924e-05 1190.1772641004181 6.650298344379277e-10 7.1207520785537260e-10 1.4030466469483829e-09 1.9111587595648787e-09   
440 5280 1.649498795825159e-05 1175.4889735592178 4.924737849060555e-10 4.9247378490605551e-10 1.0307880675276223e-09 1.6511935857207197e-09   
441 5292 1.5593978457755585e-05 1170.4654414284207 4.924737849060555e-10 5.2070750120173139e-10 8.823999734433416e-10 1.2011533559725134e-09   
442 5304 1.4816108635565655e-05 1162.9677548024797 2.0342145429985264e-10 2.0342145429985264e-10 7.348433606854682e-10 1.2742049896628992e-09   
443 5316 1.4038482475773135e-05 1175.987465760817 2.0342145429985264e-10 2.0435804562955580e-10 7.268083881560309e-10 9.906721409882265e-10   
444 5328 1.3333564367128691e-05 1179.175001985289 2.0342145429985264e-10 3.3013442514905091e-10 6.1306249866252e-10 1.0473637667293597e-09   
445 5340 1.25613903290328e-05 1191.6093371891059 2.0342145429985264e-10 2.8846014417044541e-10 6.235786170638041e-10 9.31782298005326e-10   
446 5352 1.1686404602974825e-05 1183.401929485338 2.0342145429985264e-10 3.2818059974877308e-10 5.765106306941433e-10 7.823511200847504e-10   
447 5364 1.0595516705881851e-05 1186.46912225246 1.8927222431742867e-10 1.8927222431742867e-10 4.843228800629114e-10 7.371587228715815e-10   
448 5376 9.427437056256718e-06 1181.9313288456149 1.2193782877711588e-10 1.2193782877711588e-10 3.7865280455931143e-10 6.353456949060799e-10   
449 5388 9.136948759437952e-06 1169.8751382816738 9.43640125711233e-11 9.4364012571123300e-11 2.2131130564570125e-10 2.9490231985400974e-10   
450 5400 8.698540018193447e-06 1185.4807928448258 9.43640125711233e-11 1.4684186799569982e-10 2.830567622871099e-10 3.255572036625232e-10   
451 5412 8.050364971206768e-06 1176.7814175240815 9.43640125711233e-11 1.0072778819457843e-10 1.8948552642076204e-10 4.3555458601774076e-10   
452 5424 7.599199140839929e-06 1172.7310663068577 8.991155547373836e-11 8.9911555473738359e-11 2.0613037063361175e-10 2.623037662801022e-10   
453 5436 7.3322580902305246e-06 1193.8652038410823 8.991155547373836e-11 9.9881064552419908e-11 2.0056166031644304e-10 3.1224806715310253e-10   
454 5448 7.194066318033978e-06 1185.5875114302553 6.104049159761849e-11 6.1040491597618485e-11 1.3276682579066922e-10 2.6827465743389427e-10   
455 5460 6.698878422824861e-06 1191.8977823058442 5.1916389740732965e-11 5.1916389740732965e-11 1.361069686822592e-10 2.8254649488403033e-10   
456 5472 6.116947100118353e-06 1214.6898026394772 3.633467638350618e-11 3.6334676383506177e-11 1.063089674400474e-10 1.563760251353816e-10   
457 5484 5.796774807297705e-06 1198.877424205181 3.271640084459733e-11 3.2716400844597327e-11 6.028111949363419e-11 1.2887187851623197e-10   
458 5496 5.431394847053493e-06 1200.771219898098 2.9056838894867734e-11 2.9056838894867734e-11 6.116631192476783e-11 1.26738019343887e-10   
459 5508 5.039607570517632e-06 1217.1133351251297 2.4000363140847872e-11 2.4000363140847872e-11 7.997970479408892e-11 1.3313354798646385e-10   
460 5520 4.662946975096919e-06 1230.9557187758335 2.4000363140847872e-11 3.2446635989625674e-11 5.60898558735234e-11 9.139221240335656e-11   
461 5532 4.182859470042604e-06 1225.2234994259406 2.4000363140847872e-11 2.4158075699773486e-11 5.803568245849579e-11 8.169724804127797e-11   
462 5544 3.7563278079689304e-06 1242.0496693512714 1.7223097990385267e-11 1.7223097990385267e-11 4.917943333588683e-11 1.0226665611267308e-10   
463 5556 3.522089184222309e-06 1258.1734213026878 1.7223097990385267e-11 2.1764694302957755e-11 3.4406693619151976e-11 6.401654597130924e-11   
464 5568 3.2734596718310854e-06 1229.137945304987 1.7223097990385267e-11 1.9419028400045502e-11 3.5077049476727793e-11 5.7372340012529374e-11   
465 5580 3.1492139519221493e-06 1202.5534238183136 1.7223097990385267e-11 1.8439553338752821e-11 3.067721224230742e-11 5.196770433706424e-11   
466 5592 3.013132650052709e-06 1199.0796544745704 1.7223097990385267e-11 2.1508747481873364e-11 3.348593432002647e-11 4.4354413495555364e-11   
467 5604 2.761614605387203e-06 1236.823813477659 1.599784368144472e-11 1.5997843681444719e-11 3.1446319347708434e-11 4.483210805912919e-11   
468 5616 2.7189115207118526e-06 1251.5128522487012 1.599784368144472e-11 1.7598340490509461e-11 2.728517657556314e-11 3.8063110870166133e-11   
469 5628 2.667707052752175e-06 1282.847158942213 1.599784368144472e-11 1.7995961147672067e-11 3.0284484983702166e-11 4.318400234575462e-11   
470 5640 2.4847608100020382e-06 1286.2333743142674 1.599784368144472e-11 1.7406801631150546e-11 2.3580492741177637e-11 3.801400315240652e-11   
471 5652 2.3615537718081792e-06 1277.8620559347708 1.4181372619009537e-11 1.4181372619009537e-11 2.705477686992564e-11 3.544798396800975e-11   
472 5664 2.367414365827214e-06 1276.5893963134374 1.4181372619009537e-11 1.5226055082292744e-11 2.0342410118607854e-11 2.4837661025519558e-11   
473 5676 2.27982043851346e-06 1275.0616914808222 1.4181372619009537e-11 1.5090936431144016e-11 1.9828840700492496e-11 3.153150628825357e-11   
474 5688 2.2551037396718135e-06 1277.5336913335873 1.4181372619009537e-11 1.5218882982631900e-11 2.2425971427834687e-11 3.0784866337871466e-11   
475 5700 2.2780534396003312e-06 1282.067671950364 1.094699715778635e-11 1.0946997157786350e-11 2.4068801704599125e-11 3.068235196407512e-11   
476 5712 2.2753789855801195e-06 1308.1550435538743 8.828739794633565e-12 8.8287397946335653e-12 1.4443728273181526e-11 3.043914708989407e-11   
477 5724 2.1803461749491636e-06 1302.6291288292364 8.115692082780185e-12 8.1156920827801851e-12 1.5649928529060234e-11 3.3304557361666826e-11   
478 5736 2.088535988284717e-06 1301.9600391260776 8.115692082780185e-12 8.1187303437078979e-12 1.5781047872752703e-11 2.8317376873504998e-11   
479 5748 1.998260837837527e-06 1324.008096988743 8.115692082780185e-12 8.4531945631510227e-12 1.341036194443319e-11 2.044304114305467e-11   
480 5760 1.9021711389361123e-06 1313.5427544366264 5.533086082019905e-12 5.5330860820199050e-12 1.118538439953161e-11 1.767917073215407e-11   
481 5772 1.837987271957755e-06 1328.3219058472343 5.53273467026603e-12 5.5327346702660303e-12 9.351493164562385e-12 1.751844248647556e-11   
482 5784 1.7094772830308447e-06 1336.9769810281257 3.738349094629767e-12 3.7383490946297674e-12 6.446244326008455e-12 1.3343358786711296e-11   
483 5796 1.760911271186642e-06 1341.297460149744 2.303361103734081e-12 2.3033611037340809e-12 7.953914344433062e-12 1.2736262622377354e-11   
484 5808 1.7735959379019141e-06 1334.0305784986729 2.006675400977191e-12 2.0066754009771910e-12 5.657798070820921e-12 9.194715467489938e-12   
485 5820 1.7563594684290473e-06 1331.168890144757 2.006675400977191e-12 2.5791392785018948e-12 6.1678212671492375e-12 9.577412494511884e-12   
486 5832 1.7568192325843921e-06 1319.885711890791 2.006675400977191e-12 2.3344640579625695e-12 5.42131781982696e-12 9.322447537085483e-12   
487 5844 1.7241707954639168e-06 1327.7497626413217 2.006675400977191e-12 3.1450244316364385e-12 5.648586281000873e-12 8.973180180602958e-12   
488 5856 1.6199301337648274e-06 1327.700579673805 2.006675400977191e-12 2.0486935926567557e-12 4.853505864310768e-12 8.585057189422891e-12   
489 5868 1.526354148468368e-06 1316.0804427994863 2.006675400977191e-12 2.4543782046758501e-12 5.420890433974485e-12 7.157517022366168e-12   
490 5880 1.3871504234409563e-06 1327.8307727914137 1.3320256959791012e-12 1.3320256959791012e-12 5.751482669398564e-12 8.355146088621102e-12   
491 5892 1.3307216771961879e-06 1326.567894276146 1.3320256959791012e-12 1.9416656416426409e-12 3.816941604883161e-12 6.6687342862031105e-12   
492 5904 1.1904311468969926e-06 1316.0011743698751 1.3320256959791012e-12 1.7707084961819863e-12 3.3897777969874975e-12 5.242257406572911e-12   
493 5916 1.1267309880104089e-06 1322.9563722586258 1.3239195793618381e-12 1.3239195793618381e-12 3.0008891647285555e-12 4.6435447613450226e-12   
494 5928 1.0220736219141608e-06 1299.2211334175877 1.3076107049623703e-12 1.3076107049623703e-12 2.971615903474113e-12 4.357962768533533e-12   
495 5940 9.728489660575817e-07 1278.401948430968 9.838404340380822e-13 9.8384043403808215e-13 2.1456917922381024e-12 3.5137250294931483e-12   
496 5952 9.133371125925566e-07 1292.450589964842 9.838404340380822e-13 1.3023063754504827e-12 1.9550937030951826e-12 2.99696237142613e-12   
497 5964 8.613027408571084e-07 1286.7625233573979 9.838404340380822e-13 1.3447809193533941e-12 1.6079184916558087e-12 3.080345947719626e-12   
498 5976 8.193811375276654e-07 1313.5604955062029 7.460836215747602e-13 7.4608362157476015e-13 1.896993056300561e-12 2.584666220707271e-12   
499 5988 7.943660674653136e-07 1333.528232424743 4.4403247372496913e-13 4.4403247372496913e-13 1.1722039011773137e-12 2.3679552581845123e-12   
500 6000 7.357661852846535e-07 1378.3213776974892 4.4403247372496913e-13 4.9140332683707525e-13 1.0569750970472986e-12 1.997764274942749e-12   
501 6012 6.938199078652963e-07 1355.1984089474386 4.4403247372496913e-13 4.8054903104153055e-13 1.0499463449952527e-12 2.145301668338476e-12   
502 6024 6.386304796913851e-07 1365.7839998736579 3.676762324399176e-13 3.6767623243991759e-13 7.444495236933484e-13 1.3088545037879934e-12   
503 6036 5.805366186466632e-07 1382.290799954186 3.676762324399176e-13 4.6769959227377390e-13 6.548550271352901e-13 1.2032160293114844e-12   
504 6048 5.301725675783465e-07 1352.5618261527945 3.676762324399176e-13 3.7072829185035625e-13 6.583704811395882e-13 1.1121723053554369e-12   
505 6060 4.936950985599227e-07 1360.3069263819978 3.158161728283052e-13 3.1581617282830518e-13 6.616692653337852e-13 1.0510077019964384e-12   
506 6072 4.680228787546403e-07 1367.8583546482232 2.329037865318879e-13 2.3290378653188790e-13 4.540759463275793e-13 6.18445357051645e-13   
507 6084 4.459805451699235e-07 1346.0122406601365 1.494645352186876e-13 1.4946453521868759e-13 3.91422627893089e-13 1.0150989221296267e-12   
508 6096 4.338388506333493e-07 1351.1124995247574 1.2414189040527787e-13 1.2414189040527787e-13 3.411443410940799e-13 6.256199380014113e-13   
509 6108 4.2300334556894375e-07 1357.4001040229643 1.2414189040527787e-13 2.0539994258904321e-13 3.529987928978375e-13 4.801919486810584e-13   
510 6120 4.1346371059042083e-07 1327.1606540483679 1.2414189040527787e-13 2.0732533315228690e-13 3.2931124832842444e-13 5.643175641532943e-13   
511 6132 3.9422110043203176e-07 1320.853497836852 1.2414189040527787e-13 1.7983565058058404e-13 2.5095743437879103e-13 3.950330272267034e-13   
512 6144 3.513286008769225e-07 1325.3508168353083 1.030721491712827e-13 1.0307214917128270e-13 2.505172097361037e-13 4.2317688315522044e-13   
513 6156 3.2436666331850726e-07 1311.465925875029 1.030721491712827e-13 1.1505422711825719e-13 1.7195138763937247e-13 2.4110548847679013e-13   
514 6168 3.008772101232328e-07 1321.7995904776576 9.338277126471907e-14 9.3382771264719065e-14 1.504841427047992e-13 2.776529339636457e-13   
515 6180 2.8502360097251006e-07 1303.9328090035583 8.747113208868544e-14 8.7471132088685437e-14 1.5833494416570798e-13 2.401043737346236e-13   
516 6192 2.7051938059662046e-07 1332.4917273574454 8.747113208868544e-14 9.5393874089588757e-14 1.4153563944397723e-13 3.8045352443884456e-13   
517 6204 2.517873696773989e-07 1335.20566136449 5.332176883471053e-14 5.3321768834710527e-14 1.534520735050245e-13 2.326205105699812e-13   
518 6216 2.3077851412041626e-07 1333.5204015245456 4.561536868909209e-14 4.5615368689092089e-14 9.747073442695962e-14 1.6340148980681853e-13   
519 6228 2.1404139245941299e-07 1334.3468517812482 4.561536868909209e-14 4.5886295731073826e-14 8.818932974494937e-14 1.5340044558808305e-13   
520 6240 1.9574637479824554e-07 1322.8402412941905 4.561536868909209e-14 5.3202014368404669e-14 8.06873376876795e-14 1.3360449922504557e-13   
521 6252 1.7878918152090953e-07 1330.621108168988 3.564061854713936e-14 3.5640618547139361e-14 8.600285113061066e-14 1.0925724070766176e-13   
522 6264 1.6828319462674142e-07 1335.734640115951 3.564061854713936e-14 5.1946492594061350e-14 6.033561669260371e-14 1.1027890076690019e-13   
